Name	Season	Region	Games	Win rate	K:D	GPM	GDM	Game duration	Kills / game	Deaths / game	Towers killed	Towers lost	FB%	FT%	DRAPG	DRA%	VGPG	HERPG	HER%	DRA@15	TD@15	GD@15	PPG	NASHPG	NASH%	CSM	DPM	WPM	VWPM	WCPM
100 Challengers	S13	NA	40	57.5%	1.24	1848	87	29:52	13.7	11.0	6.6	5.3	55.0	52.5	2.00	50.3	-	1.05	52.5	0.80	-0.1	252	4.00	0.63	58.6	33.2	2256	2.3	0.91	1.30
100 Thieves	S13	NA	51	43.1%	0.98	1758	-51	32:36	11.3	11.5	5.4	6.7	54.9	41.2	2.49	53.7	-	0.78	39.2	0.90	-0.3	-639	3.51	0.73	50.3	32.8	2045	2.9	1.14	1.51
3BL Esports	S13	AL	28	25.0%	0.73	1708	-230	31:27	13.5	18.4	4.0	8.8	50.0	28.6	1.71	35.1	-	0.82	41.1	0.68	-0.5	-1564	3.21	0.43	26.2	30.3	2126	2.3	0.90	1.23
5 Ronin	S13	TR	14	7.1%	0.54	1596	-332	29:44	7.5	13.9	2.4	9.3	42.9	28.6	1.43	34.3	-	0.64	32.1	0.64	-0.6	-2083	2.50	0.29	13.1	30.2	1779	1.6	1.03	1.10
A One Man Army	S13	BE	18	50.0%	1.08	1843	-10	30:37	15.9	14.7	6.1	6.4	50.0	61.1	2.17	49.6	-	1.50	75.0	0.78	0.1	345	5.50	0.50	38.9	31.1	2221	2.6	0.71	0.99
Aegis	S13	FR	63	49.2%	1.09	1784	9	32:16	14.3	13.1	5.9	5.8	52.4	60.3	2.27	48.3	-	1.08	54.8	0.94	0.2	237	4.14	0.79	54.3	31.5	2122	2.7	1.06	1.39
Akroma	S13	FR	36	44.4%	0.95	1775	-67	32:48	15.5	16.2	5.7	6.7	55.6	38.9	2.47	50.8	-	0.86	43.1	1.19	-0.1	-354	4.11	0.92	50.5	30.2	2266	2.5	1.04	1.30
Alior Bank Team	S13	PL	62	48.4%	0.94	1802	-26	31:07	13.8	14.8	6.1	6.0	46.8	50.0	2.02	45.8	-	0.97	50.0	0.79	-0.1	-35	3.97	0.61	39.9	32.2	2245	2.9	1.00	1.28
All Knights	S13	LAT	34	29.4%	0.58	1682	-239	30:54	9.2	15.9	3.9	7.9	38.2	32.4	1.53	35.1	-	0.76	38.2	0.76	-0.3	-1779	2.97	0.53	30.8	31.8	1947	2.6	1.22	1.35
aNc Outplayed	S13	IT	47	51.1%	1.05	1819	-12	30:46	16.4	15.6	6.0	6.4	38.3	57.4	2.26	50.6	-	1.17	58.5	0.77	0.1	149	5.47	0.60	41.7	30.6	2495	2.7	1.04	1.22
Ankora Gaming	S13	RS	28	25.0%	0.60	1666	-243	30:30	9.8	16.4	3.6	8.2	32.1	42.9	1.39	31.1	-	0.93	46.4	0.61	-0.3	-1662	3.64	0.50	30.4	30.1	1919	2.2	0.81	1.01
Anorthosis Famagusta Esports	S13	GR	80	66.3%	1.30	1920	158	30:35	15.9	12.2	7.4	4.9	63.8	65.0	2.14	51.1	-	1.08	55.0	0.58	0.3	1374	5.33	0.90	62.7	33.5	2338	2.9	0.94	1.40
Anubis Gaming	S13	AL	46	52.2%	1.05	1844	5	29:53	16.9	16.0	6.3	5.8	52.2	67.4	2.41	58.7	-	1.24	62.0	1.11	0.1	117	5.11	0.61	47.1	30.9	2505	2.6	1.12	1.18
Anyone s Legend	S13	CN	80	31.3%	0.76	1713	-176	31:48	10.6	14.0	4.4	7.5	50.0	30.0	1.95	43.3	-	-	-	-	-	-	-	0.51	33.1	31.9	2023	-	-	-
AOE Esports	S13	NA	77	41.6%	0.84	1778	-81	31:48	13.5	16.1	5.4	6.8	44.2	48.1	2.19	47.8	-	0.91	45.5	1.05	0.1	87	4.29	0.70	39.2	31.7	2341	2.6	0.81	1.23
Astralis	S13	EUW	42	40.5%	0.76	1756	-103	30:23	11.9	15.7	5.5	6.4	57.1	54.8	1.83	41.5	-	1.12	56.0	0.81	0.3	-320	5.57	0.57	44.2	30.4	2080	3.2	1.09	1.21
Atleta Esport	S13	IT	21	61.9%	1.33	1874	122	31:20	17.3	13.0	7.3	5.0	66.7	52.4	2.67	64.4	-	1.48	73.8	0.81	0.2	1101	4.52	0.95	55.8	31.5	2486	2.8	0.69	1.18
Atletec	S13	FR	54	48.1%	0.94	1819	-18	30:37	15.2	16.1	5.4	6.2	44.4	51.9	2.11	50.3	-	0.52	25.9	0.78	0.0	-211	4.02	0.65	46.5	31.9	2412	2.5	0.81	1.22
Austrian Force willhaben	S13	DE	68	63.2%	1.17	1879	118	29:17	16.3	13.9	7.3	4.8	51.5	69.1	2.34	62.1	-	1.01	50.7	0.99	0.4	1094	6.40	0.72	57.0	31.8	2568	2.6	0.80	1.19
AXIZ	S13	JP	65	35.4%	0.74	1732	-141	31:33	11.7	15.8	4.4	6.8	44.6	41.5	2.14	47.6	-	0.83	41.5	1.03	-0.3	-1169	3.43	0.57	36.9	31.8	2064	2.8	1.44	1.62
Axolotl	S13	IT	32	43.8%	0.92	1794	-89	29:27	14.4	15.6	5.4	6.6	56.3	40.6	1.97	48.3	-	0.94	46.9	0.97	-0.3	-815	4.13	0.63	46.9	31.5	2275	2.1	0.74	1.12
AYM Esports	S13	ES	47	46.8%	0.85	1815	5	32:13	13.4	15.6	6.7	6.3	38.3	46.8	2.36	53.2	-	1.13	56.4	1.15	0.0	-290	4.51	0.74	47.2	32.0	2238	2.5	1.06	1.29
Barça eSports	S13	ES	44	54.5%	1.08	1817	35	33:00	13.3	12.3	6.8	6.1	40.9	50.0	2.02	47.0	-	0.80	39.8	0.89	-0.3	-467	3.82	0.82	53.1	32.7	2152	2.7	1.01	1.43
beGenius ESC	S13	FR	32	59.4%	1.19	1819	78	33:20	16.5	13.8	7.1	5.3	53.1	53.1	2.78	59.9	-	1.34	67.2	1.00	0.1	360	4.41	0.97	59.4	30.4	2487	2.8	1.18	1.33
Benelux United	S13	BE	14	35.7%	0.80	1705	-140	31:39	11.1	13.8	4.9	7.9	57.1	21.4	2.00	38.9	-	0.57	28.6	0.86	-0.5	-1973	2.57	0.79	42.9	30.4	1892	1.9	0.68	1.10
Berlin International Gaming	S13	DE	54	55.6%	1.08	1840	42	31:33	15.2	14.1	6.5	5.8	48.1	40.7	2.39	52.5	-	1.15	58.3	1.02	-0.2	-271	4.50	0.81	54.1	31.6	2285	2.9	1.13	1.37
Besiktas Esports	S13	TR	37	37.8%	0.97	1767	-27	32:45	12.3	12.7	5.8	6.5	56.8	51.4	2.14	47.8	-	1.11	55.4	0.78	-0.2	-112	3.73	0.92	55.5	31.5	1909	2.6	1.17	1.40
Beyond Gaming	S13	PCS	62	64.5%	1.38	1853	113	32:50	14.3	10.4	7.3	4.8	66.1	64.5	2.35	52.7	-	1.10	55.6	1.02	0.2	683	4.23	0.81	60.3	33.1	2231	3.6	1.72	1.63
Bilibili Gaming	S13	CN	160	62.5%	1.20	1893	128	31:29	15.4	12.8	7.0	4.6	59.4	51.9	2.46	56.5	-	0.28	50.0	1.05	0.4	727	5.34	0.89	61.7	32.8	2322	3.7	1.32	1.70
BISONS ECLUB	S13	ES	52	53.8%	0.91	1834	-44	32:37	16.3	17.8	6.2	6.7	44.2	40.4	1.90	44.1	-	0.85	43.3	0.71	-0.1	-671	3.52	0.90	49.7	31.4	2568	2.7	0.79	1.20
BK ROG Esports	S13	FR	57	54.4%	1.09	1877	84	31:50	15.3	14.0	7.0	5.4	35.1	57.9	2.23	52.2	-	0.96	49.1	0.89	0.0	325	4.46	1.16	67.0	32.9	2555	2.9	1.06	1.43
Boavista FC	S13	PT	28	10.7%	0.47	1609	-417	28:50	10.2	21.5	2.8	9.3	39.3	14.3	1.57	39.4	-	0.43	23.2	0.96	-1.1	-3804	3.29	0.18	12.5	28.1	2053	2.1	0.61	0.89
BRION	S13	KR	89	31.5%	0.74	1716	-147	32:47	8.3	11.3	4.4	7.4	50.6	40.4	1.91	39.7	-	0.97	49.4	0.83	-0.2	-660	3.06	0.60	40.6	33.5	1850	3.0	1.48	1.85
BRO Challengers	S13	KR	82	32.9%	0.83	1719	-169	31:16	11.1	13.4	4.5	7.1	36.6	29.3	1.93	41.9	-	0.94	47.0	0.87	-0.2	-985	3.10	0.56	41.2	31.9	2070	2.8	1.32	1.50
BRUTE	S13	CZ	44	40.9%	0.77	1739	-148	30:52	13.0	16.8	4.9	7.1	45.5	34.1	1.73	36.4	-	0.91	45.5	0.73	-0.3	-1723	3.41	0.82	44.5	30.2	2301	2.6	0.89	1.19
Burning Core	S13	JP	60	41.7%	0.82	1776	-65	30:22	12.0	14.6	5.2	6.3	31.7	50.0	1.65	39.5	-	0.98	50.0	0.60	-0.1	-204	4.23	0.65	46.8	32.3	2128	2.5	1.33	1.64
Byteway Esports	S13	PT	32	46.9%	0.96	1724	-68	31:57	12.3	12.8	5.2	6.5	46.9	34.4	2.19	51.4	-	0.69	34.4	1.06	-0.2	-767	3.38	0.53	40.3	30.7	2021	2.5	1.02	1.19
Case Esports	S13	ES	62	80.6%	1.96	1951	306	30:23	16.8	8.5	8.5	3.1	74.2	77.4	2.56	61.3	-	1.58	79.0	0.95	0.4	2119	5.16	0.97	75.6	33.6	2394	2.9	1.17	1.32
Cerberus Esports	S13	VN	84	47.6%	1.02	1833	-14	30:59	13.9	13.5	5.8	6.3	51.2	46.4	2.20	52.3	-	1.05	52.4	0.88	0.0	80	4.94	0.79	51.9	32.8	2072	3.1	1.58	1.64
Chief Esports Club	S13	OCE	69	58.0%	1.34	1865	83	29:59	17.8	13.2	6.3	5.3	56.5	53.6	2.48	60.1	-	1.03	52.2	1.23	0.1	444	4.04	0.77	56.0	31.3	2374	3.1	1.12	1.27
Cincinnati Fear	S13	NA	97	58.8%	1.08	1846	46	31:12	15.6	14.4	6.8	5.6	49.5	49.5	2.26	52.0	-	1.03	51.5	0.88	0.1	125	5.26	0.73	52.6	31.8	2391	2.3	0.82	1.23
CLG	S13	NA	26	42.3%	0.89	1757	-25	35:33	12.0	13.4	5.8	6.7	38.5	42.3	2.27	43.7	-	1.04	51.9	0.73	-0.1	59	4.73	0.73	48.0	32.5	2168	2.7	1.03	1.66
CLG Challengers	S13	NA	38	60.5%	1.40	1830	133	32:59	15.0	10.8	7.2	4.7	55.3	65.8	2.47	56.7	-	1.24	61.8	0.79	0.4	1351	5.16	0.84	57.2	32.4	2363	2.4	0.98	1.30
CLG Faith	S13	NA	35	5.7%	0.37	1550	-484	26:49	6.8	18.4	1.5	9.3	40.0	11.4	1.11	34.0	-	0.49	24.3	0.63	-1.2	-3923	2.43	0.17	17.3	29.4	1737	1.9	0.75	0.94
Cloud9	S13	NA	75	66.7%	1.26	1885	131	31:05	14.0	11.1	7.0	4.8	49.3	46.7	2.51	58.4	-	1.13	56.7	1.04	-0.1	484	4.63	0.89	61.1	33.6	2327	3.3	1.04	1.60
Cloud9 Challengers	S13	NA	48	75.0%	2.07	1914	264	31:54	16.1	7.8	8.4	3.6	60.4	54.2	2.77	63.6	-	1.00	51.0	1.13	0.3	1278	4.90	1.21	77.8	32.8	2381	2.8	1.14	1.52
Crest Gaming Act	S13	JP	54	33.3%	0.74	1718	-184	30:56	10.8	14.5	4.2	7.5	38.9	29.6	1.85	41.6	-	1.15	57.4	0.83	-0.3	-1531	3.07	0.48	27.8	32.3	1980	2.9	1.39	1.46
Crvena zvezda Esports	S13	RS	32	46.9%	0.97	1787	22	32:33	13.2	13.6	6.4	5.8	46.9	53.1	2.28	48.7	-	1.13	56.3	0.84	0.0	132	4.38	1.00	53.6	31.3	2088	2.7	0.94	1.26
Cryptova	S13	CZ	28	28.6%	0.72	1673	-211	29:25	10.2	14.1	4.1	7.5	39.3	46.4	2.14	48.6	-	0.68	33.9	1.00	-0.3	-1479	3.46	0.46	33.3	30.9	1942	2.3	0.65	1.07
CTBC Flying Oyster	S13	PCS	84	57.1%	1.18	1849	105	32:55	13.4	11.3	6.6	5.3	54.8	58.3	2.64	58.7	-	1.13	56.5	1.00	0.2	1226	4.32	0.83	54.5	33.2	2125	3.4	1.45	1.73
Cyber Wolves	S13	RS	48	58.3%	1.44	1833	116	31:37	15.8	11.0	6.9	5.2	60.4	68.8	2.54	58.4	-	1.27	63.5	1.06	0.5	1677	5.00	0.73	54.6	31.1	2232	2.6	0.96	1.16
Cyberground Gaming	S13	IT	32	40.6%	0.99	1816	-54	31:18	16.5	16.8	5.4	6.9	40.6	43.8	1.91	46.3	-	0.81	40.6	0.84	-0.2	-583	4.44	0.66	46.4	30.5	2439	2.4	0.95	1.08
Dark Passage	S13	TR	38	44.7%	0.88	1762	-68	32:43	12.9	14.6	5.4	6.8	42.1	36.8	1.97	42.2	-	0.71	35.5	0.55	-0.1	-412	3.61	0.74	45.4	31.9	2097	2.6	1.02	1.33
Deep Cross Gaming	S13	PCS	56	51.8%	1.11	1831	83	33:05	13.4	12.1	6.5	5.3	57.1	57.1	2.34	53.7	-	1.02	51.8	1.02	0.2	574	4.91	0.89	57.1	32.5	2246	3.0	1.33	1.64
Detonation FocusMe	S13	JP	73	71.2%	1.52	1897	191	30:12	15.8	10.3	7.3	4.0	61.6	71.2	2.32	61.4	-	1.22	61.0	0.89	0.4	1966	5.77	0.74	66.7	32.4	2462	2.8	1.38	1.66
Dewish Team	S13	PCS	36	11.1%	0.49	1614	-390	28:54	9.6	19.6	2.6	8.8	38.9	19.4	1.25	29.7	-	0.75	37.5	0.53	-0.6	-2281	3.42	0.31	16.4	29.5	2007	2.4	1.11	1.36
Diamant Esports	S13	RS	63	61.9%	1.07	1838	108	33:07	14.1	13.2	7.2	5.3	50.8	60.3	2.65	57.7	-	1.24	61.9	0.94	0.2	427	4.54	1.10	70.2	31.9	2260	2.7	0.85	1.30
Dignitas	S13	NA	45	31.1%	0.69	1720	-182	32:50	10.6	15.3	4.9	8.1	44.4	37.8	1.62	33.6	-	0.84	42.2	0.47	0.0	-1013	3.89	0.44	24.4	31.8	2149	2.7	1.14	1.58
Dignitas Challengers	S13	NA	45	71.1%	1.22	1862	172	30:58	13.8	11.2	7.6	4.2	60.0	77.8	2.24	55.5	-	0.93	48.9	0.93	0.6	1476	6.22	0.78	61.9	32.4	2579	2.5	1.01	1.32
Dire Wolves	S13	OCE	40	52.5%	1.00	1829	15	31:27	15.3	15.3	6.7	5.7	60.0	52.5	2.13	45.9	-	0.80	40.0	0.73	0.1	2	4.43	0.70	47.5	31.2	2312	2.9	1.10	1.32
Direct Rising eSports	S13	DE	18	16.7%	0.57	1715	-308	28:57	12.8	22.6	3.7	8.4	44.4	27.8	1.72	42.5	-	0.94	47.2	0.67	-0.3	-1830	3.89	0.22	16.7	29.4	2287	2.6	0.83	0.96
Disguised	S13	NA	50	66.0%	1.33	1848	115	32:50	14.7	11.0	7.5	4.9	62.0	54.0	2.72	59.4	-	0.96	48.0	1.20	0.1	490	4.24	1.02	62.4	32.5	2399	2.9	0.89	1.21
DK Challengers	S13	KR	127	66.1%	1.28	1889	141	31:13	13.5	10.5	6.7	4.5	37.0	66.9	2.51	57.9	-	0.94	47.2	1.05	0.2	887	4.57	0.83	62.5	34.9	2116	3.1	1.39	1.66
DKB Diamonds	S13	DE	61	59.0%	1.07	1863	60	29:54	16.4	15.2	6.7	5.3	52.5	52.5	2.11	50.5	-	1.21	60.7	1.07	0.0	255	4.51	0.77	58.7	31.0	2448	2.9	0.95	1.24
Domino Esport	S13	EUW	29	31.0%	0.72	1744	-170	30:16	13.6	19.0	5.0	7.8	58.6	48.3	2.03	47.8	-	0.72	36.2	0.93	-0.1	-1031	4.52	0.41	31.0	30.1	2196	2.3	0.90	0.91
Dplus KIA	S13	KR	103	60.2%	1.35	1839	93	31:49	12.3	9.1	6.4	4.9	58.3	51.5	2.77	62.9	-	1.08	54.4	1.19	0.1	900	4.61	0.83	60.2	33.8	2237	3.4	1.52	1.67
DREN Esports	S13	IT	28	28.6%	0.61	1726	-202	32:23	11.3	18.4	4.8	7.9	39.3	28.6	1.43	32.1	-	0.46	23.2	0.54	-0.6	-2058	3.50	0.54	31.8	31.3	2060	2.2	0.80	1.19
DRX	S13	KR	93	30.1%	0.62	1697	-196	31:02	8.8	14.1	4.1	7.3	33.3	35.5	1.71	37.9	-	0.86	44.1	0.67	-0.1	-1321	3.74	0.52	32.0	32.2	1989	3.0	1.43	1.73
DRX Challengers	S13	KR	117	61.5%	1.15	1852	83	31:58	13.1	11.4	7.0	4.8	51.3	64.1	2.46	55.3	-	1.02	51.3	0.94	0.2	361	3.90	0.80	55.9	33.7	2177	3.1	1.30	1.68
Dsyre Esports	S13	IT	63	60.3%	1.13	1899	98	31:13	16.4	14.5	7.3	5.5	61.9	58.7	2.08	51.6	-	1.17	58.7	0.95	0.4	1533	5.86	0.90	58.6	32.0	2421	2.9	1.06	1.33
Dynamo Eclot	S13	CZ	41	56.1%	1.06	1859	46	30:49	17.7	16.7	6.9	5.7	48.8	58.5	2.49	57.2	-	1.22	61.0	1.12	0.3	1168	4.76	0.71	55.6	30.8	2522	2.8	1.11	1.16
E WIE EINFACH E-SPORTS	S13	DE	36	33.3%	0.65	1742	-197	29:46	10.7	16.5	4.9	7.9	47.2	36.1	2.03	44.1	-	0.83	41.7	0.83	-0.2	-1038	4.14	0.44	31.9	32.2	2059	2.4	1.00	1.19
Edward Gaming	S13	CN	114	55.3%	1.00	1827	26	31:07	12.8	12.7	6.4	5.6	46.5	51.8	2.41	56.8	-	-	-	-	-	-	-	0.75	54.2	32.8	2280	-	-	-
EGN Esports	S13	PT	28	42.9%	0.90	1736	-13	34:00	12.4	13.8	5.9	6.5	53.6	39.3	1.86	40.2	-	1.04	51.8	0.50	0.1	162	4.18	0.68	47.2	30.5	2223	2.4	0.84	1.20
Eintracht Frankfurt	S13	DE	36	27.8%	0.78	1769	-133	35:43	14.1	18.0	5.5	8.2	50.0	38.9	2.58	47.4	-	0.64	31.9	0.97	-0.5	-1348	3.03	0.69	31.0	32.0	2328	2.6	0.80	1.39
Eintracht Spandau	S13	DE	46	58.7%	1.00	1869	81	31:39	13.2	13.2	7.3	5.5	58.7	76.1	2.35	55.8	-	1.26	63.0	1.04	0.5	1272	5.89	0.93	60.1	33.5	2358	3.0	1.28	1.43
ENEMI3S	S13	IT	14	14.3%	0.62	1708	-277	28:35	12.4	19.9	3.4	9.0	42.9	21.4	1.50	37.1	-	0.50	25.0	0.71	-0.7	-2252	3.93	0.36	25.0	29.0	2282	2.4	0.74	0.87
Entropiq	S13	CZ	57	73.7%	1.42	1926	218	30:01	16.4	11.6	7.9	4.2	57.9	59.6	2.28	58.8	-	1.12	56.1	0.82	0.2	1386	4.88	0.91	65.5	32.9	2514	3.2	1.17	1.25
EPIC-DUDES	S13	DE	36	30.6%	0.76	1740	-161	30:13	12.4	16.3	4.5	7.6	38.9	47.2	1.89	43.6	-	0.94	47.2	0.83	-0.2	-734	3.42	0.53	36.2	31.0	2220	2.4	0.80	1.11
Estral Esports	S13	LAT	58	62.1%	1.13	1865	130	32:21	14.1	12.4	7.1	5.1	39.7	65.5	2.41	58.0	-	1.12	56.0	1.10	0.2	860	5.40	0.93	63.0	32.9	2236	3.0	1.24	1.54
eSuba	S13	CZ	63	52.4%	1.16	1852	80	30:38	15.7	13.5	6.6	5.4	58.7	44.4	2.17	53.3	-	1.27	63.5	0.90	0.1	487	4.08	0.76	54.8	31.9	2285	2.7	0.96	1.25
Eternal Fire	S13	TR	22	45.5%	0.98	1814	-33	31:01	13.7	14.0	6.0	5.9	36.4	54.5	2.09	51.0	-	1.27	63.6	0.82	-0.1	-382	3.45	0.59	42.0	32.7	2196	3.0	1.23	1.36
Evil Geniuses	S13	NA	55	52.7%	1.08	1826	34	32:11	13.0	12.1	6.5	5.9	49.1	50.9	2.18	50.3	-	1.00	50.0	0.87	0.0	318	4.75	1.00	59.4	32.7	2264	3.0	1.26	1.43
Evil Geniuses Challengers	S13	NA	89	42.7%	0.96	1766	-66	31:23	12.7	13.2	5.6	6.7	48.3	38.2	1.89	41.8	-	0.87	43.3	0.69	-0.1	-717	3.81	0.69	47.6	32.2	2074	2.8	0.98	1.14
Excel Esports	S13	EUW	52	36.5%	0.84	1789	-85	32:40	12.9	15.4	5.4	7.3	32.7	40.4	2.27	47.8	-	1.04	51.9	1.00	-0.3	-856	4.54	0.73	42.2	32.0	2324	3.3	1.09	1.38
Exeed Poland	S13	PL	36	36.1%	0.83	1742	-129	31:18	13.0	15.7	5.1	7.2	41.7	38.9	2.08	46.8	-	1.03	51.4	0.81	-0.3	-759	4.11	0.69	44.4	31.2	2102	2.3	0.84	1.17
Falcons	S13	ES	41	41.5%	0.88	1747	-95	32:46	13.3	15.0	5.2	7.2	43.9	41.5	2.07	43.6	-	0.85	42.7	0.63	-0.1	-1013	3.27	0.85	41.0	30.4	2284	2.2	0.64	1.24
FC Schalke 04 Evolution	S13	DE	44	52.3%	1.05	1762	-30	33:36	13.2	12.6	6.0	6.7	56.8	40.9	2.36	49.6	-	0.75	37.5	0.73	0.0	-316	3.91	0.86	53.0	31.4	2147	2.8	1.13	1.49
FENNEL	S13	JP	74	51.4%	1.01	1804	20	30:47	13.4	13.2	5.9	5.8	54.1	41.9	1.76	43.0	-	0.88	45.3	0.59	0.0	9	3.99	0.74	55.9	31.7	2199	2.9	1.22	1.65
Fluxo	S13	BR	44	52.3%	1.11	1780	18	34:11	13.8	12.4	6.9	6.2	63.6	45.5	2.41	50.0	-	0.77	38.6	0.93	0.0	-58	4.23	0.84	48.9	31.1	2448	3.0	1.28	1.63
Fluxo Academy	S13	BR	41	46.3%	0.99	1794	-8	31:50	14.0	14.1	5.6	6.5	41.5	31.7	2.22	51.7	-	1.20	59.8	0.88	-0.4	-670	3.73	0.78	52.1	31.6	2120	2.6	1.16	1.60
FLY FAM	S13	NA	34	14.7%	0.63	1642	-278	30:04	9.9	15.8	3.1	8.6	52.9	23.5	1.24	30.5	-	0.76	41.2	0.62	-0.6	-1600	3.09	0.32	21.6	30.1	1965	2.1	0.75	1.03
FlyQuest	S13	NA	48	52.1%	0.99	1806	14	32:01	12.8	12.9	6.1	5.6	50.0	50.0	2.19	50.6	-	1.23	61.5	0.83	0.0	30	4.40	0.85	53.1	32.1	2162	3.0	1.30	1.56
FlyQuest Challengers	S13	NA	92	62.0%	1.10	1883	93	31:10	15.9	14.5	7.4	5.0	53.3	65.2	2.14	51.2	-	1.03	51.6	0.92	0.3	501	4.75	0.86	58.7	32.1	2397	2.8	1.05	1.27
Fnatic	S13	EUW	75	49.3%	0.96	1840	-15	30:53	13.9	14.5	6.0	6.4	48.0	40.0	2.17	50.7	-	0.69	35.8	0.81	-0.3	-567	4.11	0.77	48.2	32.5	2349	3.0	0.92	1.42
Fnatic TQ	S13	ES	42	47.6%	0.89	1802	-37	32:59	14.5	16.2	5.9	6.4	38.1	50.0	2.29	50.8	-	1.02	51.2	0.71	0.0	241	4.93	0.76	40.7	32.0	2345	2.5	0.98	1.24
For The Win Esports	S13	PT	41	53.7%	1.13	1833	90	31:56	13.9	12.2	6.6	5.2	41.5	63.4	1.90	42.4	-	1.15	59.8	0.51	0.3	1316	5.00	0.78	52.8	32.6	2183	2.7	1.09	1.30
Fourth Wall	S13	EUW	14	35.7%	0.76	1781	-126	29:46	14.6	19.1	5.1	7.6	35.7	57.1	1.64	40.0	-	0.79	39.3	1.00	0.1	-1167	5.21	0.50	46.4	30.1	2133	2.9	1.05	1.01
Fox Gaming	S13	AL	28	46.4%	0.94	1787	-45	32:05	14.6	15.5	6.0	6.5	57.1	50.0	2.25	49.7	-	1.11	55.4	0.86	-0.1	-327	4.43	0.82	45.8	30.5	2319	2.3	0.88	1.21
Frank Esports	S13	PCS	67	56.7%	1.27	1840	110	32:24	13.2	10.3	6.4	5.1	58.2	55.2	2.33	54.1	-	1.18	59.0	0.82	0.2	820	4.33	0.90	64.2	33.0	2235	3.0	1.19	1.69
Funplus Phoenix	S13	CN	76	38.2%	0.82	1763	-110	30:59	11.1	13.5	5.0	6.9	46.1	39.5	1.67	38.0	-	-	-	-	-	-	-	0.50	38.4	32.4	1966	-	-	-
FURIA Academy	S13	BR	45	42.2%	0.90	1755	-70	33:00	13.3	14.8	5.8	7.0	64.4	51.1	2.13	46.7	-	0.93	46.7	0.91	-0.1	-119	3.64	0.78	46.3	30.7	2082	3.0	1.45	1.51
FURIA Esports	S13	BR	47	48.9%	1.05	1778	7	35:16	12.5	11.9	6.5	6.8	46.8	57.4	2.47	48.5	-	1.15	57.4	0.96	0.2	348	4.32	0.89	48.7	31.7	2044	3.2	1.50	1.65
FUT Esports	S13	TR	63	58.7%	1.09	1860	58	31:04	15.8	14.4	6.5	5.4	52.4	60.3	2.37	56.4	-	1.03	52.4	0.79	0.2	946	5.05	0.75	49.5	32.3	2348	2.9	1.24	1.47
G2 Esports	S13	EUW	100	68.0%	1.29	1935	171	29:56	17.1	13.2	7.3	4.7	48.0	59.0	2.36	59.0	-	1.25	62.5	0.91	0.3	1154	6.45	0.83	61.9	32.0	2416	3.2	0.96	1.40
Galakticos	S13	TR	28	28.6%	0.64	1702	-143	32:17	9.5	15.0	4.7	7.5	42.9	32.1	1.68	36.8	-	0.82	42.9	0.68	-0.1	-440	3.96	0.61	35.2	31.5	2058	2.3	1.00	1.32
GAM Esports	S13	VN	114	68.4%	1.26	1931	149	29:56	16.3	12.9	7.3	4.7	45.6	54.4	2.46	58.6	-	1.16	58.3	0.90	0.2	436	5.27	0.81	63.6	33.6	2352	3.2	1.38	1.55
GamerLegion	S13	DE	47	36.2%	0.90	1748	-91	32:23	12.6	14.0	5.0	7.0	31.9	38.3	1.87	41.5	-	0.87	45.7	0.66	-0.2	-588	3.79	0.64	38.3	32.1	2219	2.7	1.02	1.35
Gamespace Mediterranean College Esports	S13	GR	35	40.0%	0.84	1801	-53	31:29	14.1	16.8	6.1	6.5	42.9	54.3	1.80	41.9	-	1.29	64.3	0.69	0.2	-22	4.71	0.66	46.7	30.8	2317	2.5	0.90	1.22
GameWard	S13	FR	47	48.9%	0.91	1791	-4	32:43	12.6	13.8	6.1	6.1	59.6	44.7	2.32	49.8	-	1.34	67.0	0.72	-0.1	-6	4.45	0.77	48.9	32.3	2095	2.9	1.14	1.31
Geekay Esports	S13	AL	54	70.4%	1.38	1895	143	32:35	19.9	14.3	7.7	5.1	53.7	51.9	2.74	63.1	-	1.13	56.5	1.37	0.2	524	5.06	0.94	67.0	30.5	2639	2.9	1.03	1.34
Gen.G Challengers	S13	KR	94	38.3%	0.91	1789	-61	31:23	12.0	13.1	5.1	6.8	48.9	35.1	1.97	41.9	-	1.01	50.5	0.55	-0.1	-345	3.45	0.68	44.3	33.3	2036	3.2	1.35	1.60
Gen.G eSports	S13	KR	133	71.4%	1.49	1915	201	31:30	14.1	9.4	7.4	4.3	58.6	64.7	2.56	58.9	-	1.05	53.0	0.86	0.2	980	4.98	0.89	65.7	34.6	2215	3.1	1.21	1.87
GG&Esports	S13	IT	14	14.3%	0.48	1639	-412	28:36	10.9	22.8	2.9	8.6	50.0	28.6	1.21	28.6	-	0.71	35.7	0.50	-0.9	-3547	3.43	0.43	23.1	28.3	2261	1.7	0.82	1.11
Giants	S13	ES	45	51.1%	1.20	1831	57	31:39	12.4	10.4	6.3	6.0	60.0	31.1	2.69	58.7	-	1.09	55.6	0.96	0.0	463	4.56	0.78	54.9	33.5	2115	2.8	1.07	1.41
GnG Esports	S13	AL	29	37.9%	0.97	1809	-49	31:50	16.9	17.3	5.2	6.7	58.6	27.6	2.10	45.4	-	0.93	46.6	0.93	-0.2	-397	3.97	0.62	39.7	30.5	2470	2.4	1.00	1.39
Golden Guardians	S13	NA	86	54.7%	1.12	1845	52	31:21	13.6	12.1	6.4	5.3	55.8	60.5	2.05	49.0	-	1.13	56.4	0.81	0.2	634	5.29	0.83	55.3	32.8	2198	3.2	1.26	1.58
Golden Guardians Challengers	S13	NA	41	58.5%	1.12	1844	61	29:42	15.3	13.5	6.4	5.2	56.1	56.1	2.39	60.0	-	1.24	62.2	1.07	0.1	84	4.59	0.83	62.0	31.1	2234	2.3	1.00	1.17
Ground Zero Gaming	S13	OCE	21	23.8%	0.63	1673	-258	28:18	11.0	17.3	3.1	7.9	33.3	23.8	1.62	40.9	-	0.76	38.1	0.81	-0.2	-1582	3.71	0.19	20.0	30.0	1943	2.3	0.80	1.15
Grypciocraft Esports	S13	PL	45	44.4%	0.97	1813	-22	30:23	15.1	15.5	6.1	6.2	60.0	48.9	1.98	45.1	-	1.04	54.4	0.78	0.0	396	4.76	0.69	45.5	31.5	2285	2.5	0.92	1.20
GTZ Esports	S13	PT	64	75.0%	1.46	1908	202	30:15	17.7	12.1	7.8	4.0	56.3	71.9	2.33	59.8	-	1.23	61.7	0.88	0.4	1410	5.31	1.11	77.0	31.3	2543	2.5	0.86	1.17
Guasones	S13	ES	44	18.2%	0.69	1730	-192	33:31	12.1	17.5	4.9	8.3	45.5	31.8	1.61	35.2	-	0.75	37.5	0.61	-0.3	-874	3.27	0.52	30.7	31.8	2151	2.8	0.99	1.34
Hanwha Life eSports	S13	KR	115	53.0%	1.02	1822	20	32:21	11.1	10.8	6.0	5.8	48.7	47.8	1.95	43.7	-	0.99	50.9	0.80	0.0	41	4.07	0.82	50.2	34.2	2054	3.4	1.56	1.68
HEET	S13	BE	32	50.0%	0.84	1797	-44	29:32	13.4	16.0	5.6	6.4	46.9	50.0	2.22	51.9	-	0.88	43.8	1.00	-0.1	-355	4.63	0.63	45.3	31.2	2249	2.3	0.90	1.06
HELL PIGS	S13	PCS	36	36.1%	0.69	1730	-161	32:19	10.8	15.6	4.3	7.5	30.6	38.9	1.69	34.1	-	0.92	45.8	0.53	-0.3	-1501	3.89	0.69	40.7	32.4	2158	2.5	1.15	1.47
Hell Zerolag Esports	S13	GR	28	28.6%	0.67	1758	-169	29:00	11.6	17.2	4.6	7.4	42.9	39.3	1.75	42.4	-	0.68	33.9	0.96	-0.4	-1613	4.79	0.50	38.7	31.1	2057	2.2	0.73	1.02
Heretics Academy	S13	ES	63	58.7%	1.10	1869	94	33:19	15.6	14.2	7.2	5.6	58.7	60.3	2.75	59.1	-	1.24	61.9	0.94	0.2	68	4.57	0.95	57.5	32.2	2501	3.0	1.29	1.59
HLE Challengers	S13	KR	104	57.7%	1.32	1831	71	32:17	14.0	10.5	6.2	5.3	59.6	50.0	2.48	53.6	-	1.11	55.8	0.94	0.0	236	3.81	0.95	57.4	32.7	2131	2.9	1.22	1.60
HNVR Esports	S13	DE	23	56.5%	1.03	1961	50	28:26	19.3	18.6	6.8	6.3	52.2	47.8	1.91	46.7	-	0.91	45.7	1.00	-0.2	12	5.83	0.65	56.3	31.3	2738	2.4	0.63	0.92
Illuminar Gaming	S13	PL	43	44.2%	0.95	1761	-21	32:28	12.9	13.6	5.9	6.2	60.5	48.8	2.09	44.5	-	1.00	50.0	0.65	0.0	368	4.26	0.67	43.0	31.3	2138	2.4	0.98	1.25
Immortals	S13	NA	36	25.0%	0.64	1678	-234	31:39	9.7	15.1	3.8	8.2	41.7	41.7	1.75	37.2	-	0.58	29.2	0.81	-0.2	-1469	3.17	0.39	25.7	31.8	2124	3.0	1.18	1.45
Immortals Challengers	S13	NA	37	48.6%	1.02	1818	19	30:49	15.2	14.9	6.0	6.0	40.5	45.9	1.86	45.1	-	1.00	50.0	0.78	0.1	566	4.62	0.68	46.8	30.9	2367	2.4	0.95	1.22
Impunity	S13	PCS	49	42.9%	0.77	1768	-123	30:19	12.2	15.8	5.1	6.5	36.7	28.6	1.84	41.0	-	0.73	36.7	0.63	-0.4	-1349	4.12	0.59	42.6	31.7	2143	2.7	1.22	1.38
Infinity eSports	S13	LAT	53	52.8%	1.11	1812	25	32:51	13.9	12.6	6.6	5.5	45.3	58.5	2.11	48.8	-	0.92	46.2	0.74	0.2	201	4.06	0.81	52.6	32.5	2309	3.0	1.26	1.50
Inside Games	S13	CZ	28	14.3%	0.59	1657	-314	29:43	11.5	19.5	3.1	8.9	35.7	21.4	1.11	24.4	-	0.46	23.2	0.50	-0.9	-3095	3.18	0.29	19.4	29.4	2204	2.1	0.69	1.08
INTZ Academy	S13	BR	50	48.0%	0.83	1762	-33	31:27	12.7	15.3	6.2	6.0	52.0	60.0	2.18	48.6	-	0.98	49.0	1.08	0.1	6	5.00	0.76	46.9	30.6	2163	2.8	1.46	1.49
INTZ e-Sports	S13	BR	47	46.8%	0.89	1796	-28	33:04	14.7	16.6	6.2	6.2	57.4	46.8	2.30	48.1	-	1.09	54.3	0.91	0.0	-39	4.17	0.87	46.6	30.8	2336	3.0	1.31	1.63
Invictus Gaming	S13	CN	72	43.1%	0.90	1783	-91	30:49	13.2	14.5	5.1	6.8	52.8	29.2	2.08	47.3	-	-	-	-	-	-	-	0.65	41.0	31.8	2134	-	-	-
Iron Wolves	S13	PL	39	41.0%	0.84	1777	-78	31:35	13.4	15.9	5.3	6.8	43.6	56.4	2.08	46.9	-	0.87	46.2	0.72	0.0	-482	4.64	0.56	40.1	31.3	2219	2.4	0.83	1.20
Istanbul Wildcats	S13	TR	75	78.7%	1.43	1960	255	31:36	17.6	12.2	8.3	3.7	58.7	70.7	2.57	62.2	-	1.17	60.1	0.87	0.4	1361	5.35	1.09	75.2	33.4	2516	3.1	1.28	1.68
Isurus	S13	LAT	54	51.9%	0.96	1795	-14	33:04	13.9	14.5	6.0	6.2	57.4	44.4	1.94	44.3	-	1.07	53.7	0.61	0.0	-162	3.76	0.72	53.2	32.1	2235	2.9	1.25	1.40
IZI Dream	S13	FR	47	25.5%	0.64	1699	-193	31:31	9.8	15.4	4.1	7.9	48.9	34.0	1.85	40.1	-	1.11	55.3	0.77	-0.3	-1034	3.49	0.57	32.3	31.5	1951	2.7	1.10	1.33
J Team	S13	PCS	42	54.8%	1.20	1829	72	30:40	12.9	10.7	6.4	5.6	50.0	64.3	1.98	50.2	-	0.90	46.4	1.00	0.3	544	5.17	0.69	56.5	32.2	2167	2.9	1.40	1.39
JD Gaming	S13	CN	125	76.0%	1.53	1940	223	29:35	15.4	10.0	7.5	3.8	51.2	49.6	2.47	61.8	-	0.19	42.9	0.82	-0.1	654	4.18	0.82	68.4	34.0	2398	3.3	1.21	1.73
Joblife	S13	FR	44	47.7%	0.93	1790	-25	32:37	14.8	15.8	5.5	6.3	52.3	43.2	2.41	51.1	-	0.70	36.4	1.05	0.0	-118	3.64	0.77	48.5	31.0	2261	2.3	0.65	1.23
KaBuM! Academy	S13	BR	61	59.0%	1.17	1866	115	34:09	16.5	14.0	7.2	5.6	47.5	57.4	2.44	52.0	-	1.18	60.8	1.00	0.2	1248	5.40	1.11	60.4	31.8	2459	3.6	1.47	1.53
KaBuM! e-Sports	S13	BR	36	22.2%	0.73	1713	-150	34:12	11.9	16.3	4.6	8.3	41.7	52.8	2.03	41.2	-	0.75	38.9	0.89	0.0	-584	4.08	0.50	30.1	31.2	2190	3.4	1.54	1.61
Kanga Esports	S13	OCE	24	12.5%	0.47	1629	-426	26:47	8.8	18.8	2.5	9.0	12.5	12.5	0.79	23.1	-	0.42	20.8	0.33	-1.3	-3948	2.17	0.21	9.1	30.2	1901	2.3	0.75	1.05
Karmine Corp	S13	FR	63	63.5%	1.22	1862	111	31:18	15.6	12.8	7.0	5.3	47.6	54.0	2.54	60.9	-	0.94	52.6	1.22	0.4	879	5.16	0.71	55.1	32.0	2484	2.7	1.07	1.44
Kaufland Hangry Knights	S13	DE	36	41.7%	0.94	1811	-24	30:04	15.8	16.8	5.5	6.4	58.3	50.0	1.97	47.7	-	1.00	50.0	0.78	0.2	405	4.92	0.56	41.9	30.8	2699	2.2	0.80	1.14
KDF Challengers	S13	KR	85	28.2%	0.69	1733	-151	31:15	10.8	15.7	4.5	7.3	58.8	47.1	2.07	48.9	-	1.13	57.6	0.96	0.0	182	4.29	0.42	30.0	31.8	2152	2.7	1.29	1.40
Keypulse Esports	S13	PT	28	25.0%	0.64	1676	-238	30:53	11.1	17.3	3.6	7.9	42.9	21.4	1.61	34.4	-	0.93	46.4	0.64	-0.6	-1814	3.18	0.39	25.9	30.3	2019	2.1	0.84	1.13
KIT SC SmartWe	S13	DE	40	35.0%	0.66	1722	-233	29:22	13.4	20.3	4.3	7.4	45.0	22.5	1.78	40.9	-	0.45	22.5	0.75	-0.6	-2352	3.63	0.68	39.2	29.7	2404	2.3	0.64	1.06
Klanik Esport	S13	FR	45	44.4%	0.88	1773	-42	32:17	14.0	16.0	5.8	6.2	46.7	53.3	1.78	37.9	-	1.38	68.9	0.47	0.0	-210	5.33	0.80	55.8	30.4	2295	2.5	0.98	1.17
KOI	S13	EUW	51	41.2%	0.86	1759	-81	32:14	11.6	13.5	5.5	7.1	49.0	47.1	1.49	32.8	-	0.84	42.2	0.53	-0.2	31	4.80	0.53	34.7	31.7	2150	3.0	0.96	1.34
KOI Academy	S13	ES	48	43.8%	1.05	1757	-48	35:25	13.0	12.3	6.4	7.3	64.6	43.8	2.29	46.1	-	0.85	42.7	0.85	-0.1	-9	3.60	0.88	48.3	31.7	2129	3.1	1.18	1.31
Komil & Friends	S13	PL	36	19.4%	0.63	1714	-232	32:04	12.7	20.1	4.3	8.3	44.4	36.1	1.58	34.6	-	1.03	51.4	0.81	-0.1	-1772	3.94	0.53	27.1	30.1	2083	2.3	0.90	1.15
KRC Genk Esports	S13	BE	64	57.8%	1.16	1863	104	32:16	15.4	13.2	7.5	5.1	48.4	64.1	2.56	56.0	-	1.11	55.5	1.13	0.2	817	5.33	0.91	59.1	32.4	2290	2.8	1.11	1.22
KT Challengers	S13	KR	102	59.8%	1.19	1823	67	32:03	12.9	10.9	6.5	5.3	54.9	57.8	2.42	52.7	-	0.94	47.1	0.94	0.0	451	4.29	0.81	57.5	33.2	2113	3.1	1.50	1.57
KT Rolster	S13	KR	130	67.7%	1.46	1872	132	31:19	12.9	8.8	7.0	4.5	54.6	61.5	2.60	60.2	-	0.89	45.0	0.98	0.1	562	4.21	0.81	64.6	34.4	2022	3.2	1.37	1.70
Kwangdong Freecs	S13	KR	83	32.5%	0.68	1753	-115	32:39	9.0	13.3	5.0	6.9	41.0	45.8	1.93	41.2	-	1.01	50.6	0.73	-0.1	-168	4.29	0.37	25.4	34.1	2071	3.0	1.48	1.70
LDLC OL	S13	FR	54	55.6%	1.01	1805	19	33:31	13.1	13.0	6.5	5.8	35.2	51.9	2.65	54.0	-	0.44	25.0	0.91	-0.1	-240	4.00	0.87	51.1	32.7	2220	2.9	1.08	1.44
Levante UD Esports	S13	ES	36	27.8%	0.71	1717	-188	32:28	12.5	17.6	4.6	8.1	55.6	33.3	2.03	42.9	-	0.64	31.9	0.81	-0.4	-1162	3.36	0.64	27.9	30.3	2165	2.3	1.06	1.20
Leviatan	S13	LAT	14	0.0%	0.43	1633	-333	31:47	7.6	17.6	2.9	9.4	42.9	42.9	1.64	35.0	-	0.64	32.1	0.71	-0.2	-873	4.57	0.07	3.6	31.9	1954	3.0	1.16	1.53
LGD Gaming	S13	CN	77	31.2%	0.76	1736	-131	32:33	10.7	14.1	4.6	7.3	49.4	37.7	1.88	42.0	-	-	-	-	-	-	-	0.58	37.1	32.5	2054	-	-	-
Liberty	S13	BR	36	19.4%	0.63	1682	-190	33:27	10.3	16.4	4.6	8.3	47.2	52.8	1.92	40.1	-	0.97	48.6	0.69	-0.1	-347	3.78	0.53	31.7	30.7	2116	3.2	1.50	1.43
Liberty Academy	S13	BR	51	47.1%	0.96	1771	-51	33:24	14.4	14.9	5.9	6.7	39.2	49.0	2.47	53.1	-	0.82	41.2	0.82	-0.2	-440	4.29	0.78	47.6	31.0	2283	3.2	1.36	1.43
Liiv SANDBOX	S13	KR	91	41.8%	0.87	1768	-76	32:35	10.8	12.4	5.1	6.5	48.4	39.6	2.11	46.9	-	0.80	41.7	0.98	-0.1	-609	3.09	0.65	46.1	33.9	1984	3.3	1.61	1.74
Lille Esport	S13	FR	61	50.8%	0.88	1840	-26	30:52	16.1	18.3	6.2	6.0	50.8	60.7	2.10	48.6	-	0.92	45.9	0.93	0.0	-172	4.59	0.67	49.4	31.0	2361	2.5	1.00	1.22
LNG Esports	S13	CN	118	63.6%	1.35	1863	111	31:26	14.5	10.7	6.8	5.0	60.2	44.9	2.25	52.1	-	0.08	40.9	0.91	-0.1	-410	3.91	0.82	61.0	32.9	2264	3.4	1.21	1.61
Los Grandes	S13	BR	48	50.0%	0.93	1792	-13	33:19	13.1	14.1	6.0	6.6	47.9	29.2	2.27	46.6	-	1.02	52.1	0.81	-0.4	-311	4.50	0.88	43.8	31.8	2235	3.0	1.32	1.57
Los Grandes Academy	S13	BR	51	45.1%	0.98	1744	-52	33:34	13.7	14.0	5.6	6.7	41.2	37.3	2.25	44.2	-	0.63	33.0	0.90	0.0	-999	3.38	0.73	44.1	30.7	2229	3.1	1.41	1.54
LOUD	S13	BR	70	67.1%	1.13	1836	93	32:11	14.5	12.8	7.3	5.0	50.0	62.9	2.46	55.9	-	1.03	51.4	1.01	0.2	250	5.23	0.99	62.9	31.8	2249	3.4	1.40	1.55
LOUD Academy	S13	BR	36	44.4%	0.90	1755	-59	34:06	13.5	15.0	6.0	7.0	33.3	38.9	2.22	43.2	-	1.08	54.2	0.61	-0.1	-357	3.97	0.78	40.7	31.0	2166	2.9	1.21	1.42
LSB Challengers	S13	KR	91	33.0%	0.77	1743	-148	33:12	12.0	15.6	4.9	7.4	52.7	37.4	1.82	37.4	-	0.82	41.2	0.80	-0.2	-1237	2.76	0.68	36.2	31.8	2156	2.9	1.34	1.57
Macko Esports	S13	IT	66	75.8%	1.25	1952	218	30:16	17.1	13.6	8.0	4.1	48.5	69.7	2.58	62.5	-	1.30	65.2	1.02	0.4	1204	6.44	1.06	70.3	32.3	2669	2.9	1.00	1.36
MAD Lions	S13	EUW	95	47.4%	0.92	1817	-18	30:24	14.2	15.4	6.2	6.1	47.4	51.6	2.21	52.6	-	0.86	43.6	0.86	0.1	170	5.32	0.68	49.1	31.6	2306	3.0	1.08	1.39
MAGAZA	S13	RS	28	35.7%	0.75	1727	-150	30:46	11.9	15.9	5.0	6.9	32.1	35.7	2.25	49.4	-	0.75	37.5	1.04	0.0	-1392	4.29	0.61	43.5	30.0	2037	2.5	0.90	1.05
MAMMOTH	S13	OCE	32	40.6%	0.78	1784	-118	27:34	13.2	16.8	4.7	6.5	50.0	46.9	1.41	37.6	-	0.97	48.4	0.66	0.1	-401	4.53	0.63	46.6	30.9	2136	3.0	1.26	1.21
Maryville University	S13	NA	40	32.5%	0.83	1786	-122	31:48	14.2	17.1	5.3	7.7	47.5	37.5	1.68	36.3	-	0.78	38.8	0.53	-0.4	-613	4.20	0.75	37.5	31.0	2235	3.0	1.21	1.27
Maturalni Forsaken	S13	PL	47	51.1%	0.88	1817	-35	31:53	14.7	16.6	6.0	6.5	29.8	48.9	2.34	50.0	-	0.96	47.9	1.00	-0.1	-945	3.51	0.81	56.7	32.0	2254	2.6	0.83	1.22
mCon LG UltraGear	S13	BE	28	35.7%	0.73	1737	-121	33:42	12.0	16.5	5.6	7.3	50.0	35.7	2.18	46.3	-	0.86	42.9	1.00	-0.3	-687	3.57	0.68	46.7	31.2	2136	2.3	0.78	1.17
MGN Box Esports	S13	VN	60	18.3%	0.59	1731	-258	29:58	10.5	17.7	4.0	8.4	38.3	33.3	1.48	33.9	-	0.88	44.2	0.78	-0.2	-1530	3.65	0.43	26.3	32.3	1943	3.0	1.43	1.54
MHSC Esport	S13	FR	22	54.5%	1.06	1829	-2	32:23	16.4	15.5	6.5	6.1	45.5	63.6	2.00	44.6	-	1.23	61.4	0.59	0.0	-322	4.68	0.82	47.0	31.4	2339	3.1	1.12	1.32
MOUZ	S13	DE	48	47.9%	1.09	1784	6	32:38	13.9	12.7	6.1	6.0	47.9	54.2	2.35	50.2	-	1.19	61.5	0.81	0.0	305	3.85	0.85	53.5	31.4	2232	2.3	0.96	1.45
Movistar R7	S13	LAT	74	62.2%	1.21	1836	69	32:04	16.1	13.3	6.6	5.1	59.5	47.3	2.50	55.3	-	0.88	45.2	0.99	0.0	130	4.14	0.82	58.8	32.0	2323	2.9	1.23	1.43
Movistar Riders	S13	ES	89	62.9%	1.25	1906	147	30:22	17.6	13.9	7.2	4.8	43.8	76.4	2.26	57.5	-	1.24	66.1	0.89	0.6	1725	6.14	0.90	64.8	31.7	2502	2.8	1.02	1.26
MS Company	S13	FR	36	16.7%	0.64	1674	-253	31:16	11.1	17.5	3.6	8.1	41.7	19.4	1.50	32.2	-	0.69	34.7	0.64	-0.6	-1491	2.86	0.50	29.5	30.3	2008	2.0	0.83	1.10
mYinsanity	S13	DE	26	50.0%	0.88	1780	-9	29:43	14.0	16.0	6.0	5.4	34.6	61.5	2.42	58.7	-	1.35	67.3	1.31	0.2	581	4.92	0.65	52.0	30.6	2375	2.3	0.73	1.26
Myth Esports	S13	BE	14	28.6%	0.65	1717	-225	31:08	12.6	19.4	4.4	8.0	42.9	28.6	1.86	42.6	-	0.43	21.4	1.14	-0.4	-1655	3.71	0.50	32.1	30.1	2045	2.4	0.67	1.11
NASR eSports Turkey	S13	TR	49	49.0%	1.00	1788	-56	33:45	14.4	14.4	5.9	6.4	57.1	36.7	2.22	47.6	-	0.94	46.9	1.02	-0.2	-461	3.41	0.92	49.3	31.9	2244	2.9	1.25	1.48
Nativz	S13	EUW	44	47.7%	0.99	1775	-46	31:48	12.9	13.0	5.5	6.7	36.4	45.5	2.07	46.0	-	0.64	31.8	0.75	-0.3	-676	3.50	0.70	45.5	32.2	2197	2.8	0.95	1.20
Nigma Galaxy Male	S13	AL	52	53.8%	0.95	1893	57	31:19	16.5	17.3	6.8	5.9	40.4	59.6	1.87	47.2	-	0.81	41.3	0.58	0.2	1085	5.37	0.73	51.1	32.7	2594	2.4	0.85	1.20
Ninjas in Pyjamas	S13	CN	83	39.8%	0.88	1762	-97	30:23	11.4	13.0	5.1	6.7	48.2	27.7	1.81	42.5	-	-	-	-	-	-	-	0.70	47.8	32.1	2111	-	-	-
NNO Prime	S13	DE	42	28.6%	0.74	1744	-118	32:08	9.7	13.1	5.1	7.5	38.1	45.2	1.88	40.8	-	0.88	44.0	0.81	-0.1	-549	3.88	0.60	34.5	33.1	2132	2.8	1.02	1.32
Nongshim RedForce	S13	KR	85	25.9%	0.69	1702	-218	30:52	9.2	13.2	3.7	7.7	42.4	25.9	1.59	35.1	-	0.98	50.0	0.73	-0.4	-1491	2.71	0.44	28.1	32.6	1908	3.2	1.58	1.61
Nord Esports	S13	EUW	56	58.9%	1.22	1853	78	31:32	16.7	13.7	6.9	5.3	55.4	42.9	2.09	48.2	-	1.13	56.3	0.73	0.0	444	4.50	0.75	50.8	31.5	2307	2.5	0.86	1.28
Northern Lions	S13	BE	28	28.6%	0.76	1724	-173	32:26	13.6	17.8	4.6	8.3	50.0	39.3	2.11	44.0	-	0.93	46.4	0.93	-0.3	-1128	4.32	0.61	31.5	29.7	2258	2.2	0.62	1.09
NRG	S13	NA	46	54.3%	1.14	1818	-8	33:55	15.1	13.2	6.6	6.2	43.5	43.5	2.39	50.7	-	0.98	48.9	0.72	-0.2	-598	3.65	1.11	55.2	31.6	2345	3.7	1.34	1.47
NS Challengers	S13	KR	105	61.0%	1.05	1848	55	30:58	12.7	12.1	6.3	5.1	48.6	47.6	2.26	51.9	-	1.00	50.0	0.89	-0.2	-315	3.18	0.77	57.3	34.0	2194	3.0	1.38	1.73
Odivelas Sports Club	S13	PT	35	45.7%	0.91	1790	-26	32:05	13.6	15.0	5.7	6.5	48.6	60.0	2.29	48.6	-	0.94	47.1	0.94	0.2	-118	4.89	0.83	46.0	31.1	2213	2.6	0.96	1.16
OMG	S13	CN	105	55.2%	1.01	1837	45	30:52	12.4	12.3	6.2	5.3	48.6	38.1	2.21	51.7	-	-	-	-	-	-	-	0.82	61.0	32.8	2172	-	-	-
Orbit Anonymo	S13	PL	70	65.7%	1.20	1868	82	31:12	17.2	14.3	6.8	5.4	58.6	52.9	3.04	68.0	-	0.63	31.4	1.34	0.0	84	4.46	0.77	56.4	31.2	2503	2.6	0.79	1.16
paiN Academy	S13	BR	51	51.0%	0.97	1768	-38	33:15	13.4	13.8	6.6	6.2	51.0	52.9	2.10	44.1	-	0.96	48.0	0.67	0.1	-84	3.92	0.80	43.4	31.3	2050	3.1	1.38	1.34
paiN Gaming	S13	BR	66	60.6%	1.19	1815	77	33:57	13.7	11.5	6.7	5.5	42.4	53.0	2.58	53.2	-	0.88	45.5	0.82	0.0	236	4.74	1.03	61.3	32.3	2216	3.4	1.52	1.84
Panathinaikos AC eSports	S13	GR	32	43.8%	0.81	1720	-174	29:18	13.2	16.4	4.8	6.9	43.8	25.0	1.63	37.6	-	0.91	45.3	0.66	-0.5	-1858	3.41	0.47	33.3	28.8	2163	2.6	1.07	1.03
Papara SuperMassive	S13	TR	52	50.0%	1.05	1810	15	33:05	14.5	13.8	6.1	6.3	53.8	59.6	2.31	51.5	-	1.08	53.8	0.94	0.3	362	4.31	0.79	46.0	32.1	2199	2.9	1.17	1.60
Partizan Esports	S13	RS	60	66.7%	1.32	1818	88	34:00	14.9	11.2	7.2	5.6	71.7	36.7	2.52	52.9	-	0.72	35.8	0.95	-0.2	140	3.90	0.92	54.4	32.1	2249	2.8	0.99	1.30
PEACE	S13	OCE	2	50.0%	0.76	1784	31	35:48	13.0	17.0	7.0	6.0	100.0	-	2.50	51.8	-	1.50	75.0	2.00	0.0	1917	7.00	1.00	75.0	31.8	2627	3.2	1.23	1.38
Pentagon Rejects	S13	GR	28	32.1%	0.93	1762	-118	30:42	13.2	14.2	4.7	7.7	46.4	32.1	2.36	52.6	-	0.71	35.7	1.07	-0.5	-1096	4.07	0.64	35.1	31.3	2059	2.2	0.83	1.28
Pentanet.GG	S13	OCE	33	51.5%	1.16	1869	96	30:33	16.0	13.7	6.3	5.5	60.6	60.6	1.85	48.3	-	1.03	51.5	0.82	0.2	1403	5.00	0.67	53.2	31.6	2366	2.8	1.27	1.37
Project Conquerors	S13	FR	47	44.7%	0.89	1771	-63	32:14	14.9	16.7	5.7	6.5	51.1	40.4	2.51	55.0	-	1.28	63.8	0.94	0.0	-126	4.51	0.49	36.2	30.6	2272	2.5	0.98	1.22
PSG Talon	S13	PCS	80	73.8%	1.61	1881	196	33:13	15.2	9.4	7.9	4.2	50.0	70.0	2.94	66.0	-	1.18	58.8	1.13	0.4	1260	4.61	0.91	63.8	32.9	2335	3.2	1.39	1.82
RA AD	S13	AL	52	55.8%	0.97	1879	47	31:22	17.3	17.8	7.1	5.9	38.5	50.0	2.04	49.1	-	1.04	51.9	0.77	0.0	254	4.46	0.88	60.5	31.6	2507	2.5	0.97	1.36
Ramboot Club	S13	ES	49	51.0%	1.02	1827	40	31:07	14.2	13.9	6.6	5.9	59.2	53.1	2.20	49.4	-	1.12	56.1	0.90	0.1	90	3.82	0.80	57.4	32.2	2186	2.3	0.91	1.25
Rare Atom	S13	CN	77	35.1%	0.76	1778	-108	30:45	11.4	14.9	4.6	7.1	50.6	27.3	1.82	41.8	-	-	-	-	-	-	-	0.69	39.1	32.6	2079	-	-	-
Rebels Gaming	S13	ES	44	54.5%	0.98	1806	-2	31:46	13.5	13.8	6.1	6.0	52.3	34.1	2.39	54.7	-	1.14	56.8	0.84	-0.1	-254	3.91	0.77	45.5	31.8	2313	3.0	1.20	1.41
RED Academy	S13	BR	46	45.7%	0.95	1798	-2	33:21	14.1	14.9	6.2	6.2	60.9	47.8	2.41	51.8	-	0.96	47.8	1.07	0.0	22	4.22	0.91	53.9	31.6	2186	3.2	1.42	1.55
RED Canids	S13	BR	57	57.9%	1.19	1804	28	34:12	14.9	12.5	6.8	6.1	56.1	42.1	2.65	53.5	-	1.02	50.9	1.02	-0.1	-300	4.19	1.11	56.9	31.7	2120	3.3	1.44	1.52
Riddle Esports	S13	EUW	28	71.4%	1.40	1894	165	31:27	15.1	10.8	7.6	4.6	42.9	42.9	2.32	53.6	-	1.25	62.5	0.86	0.0	221	4.11	0.96	72.2	33.8	2071	2.6	1.04	1.43
RNL ROAR	S13	DE	56	60.7%	1.43	1919	158	30:42	19.5	13.5	6.9	5.4	64.3	58.9	2.25	53.7	-	1.14	57.1	0.82	0.2	1082	5.30	0.95	66.4	31.4	2714	2.8	0.91	1.24
Royal Never Give Up	S13	CN	89	50.6%	1.00	1819	8	30:54	12.8	12.7	6.1	5.7	56.2	49.4	2.25	52.2	-	-	-	-	-	-	-	0.67	45.9	32.6	2176	-	-	-
Ruddy Esports	S13	EUW	35	57.1%	1.12	1818	45	30:32	15.2	13.5	6.4	5.4	54.3	54.3	2.43	57.9	-	1.14	57.1	1.00	0.1	166	5.17	0.83	57.4	31.1	2235	2.7	0.88	1.16
Saigon Buffalo	S13	VN	82	51.2%	0.98	1828	4	30:59	13.1	13.4	6.0	6.0	57.3	51.2	2.40	54.7	-	0.80	40.2	1.16	0.0	97	4.94	0.73	51.3	32.4	2245	3.2	1.35	1.63
SBTC Esports	S13	VN	56	53.6%	0.99	1840	17	32:04	13.9	14.0	6.5	6.0	44.6	57.1	1.89	41.6	-	0.71	36.6	0.89	0.1	139	4.57	0.79	49.8	32.6	2094	2.9	1.53	1.69
SEM9 WPE	S13	PCS	18	16.7%	0.52	1614	-351	31:33	9.6	18.3	2.8	9.2	33.3	22.2	1.39	29.5	-	0.56	27.8	0.61	-0.9	-3089	2.72	0.56	21.3	29.7	1916	2.3	1.12	1.61
Sengoku Gaming	S13	JP	74	66.2%	1.43	1887	175	30:11	14.4	10.1	7.4	4.3	64.9	63.5	2.58	65.5	-	1.05	53.4	1.15	0.2	800	4.59	0.84	64.9	33.1	2204	2.9	1.27	1.49
seQura ZEST	S13	ES	36	25.0%	0.78	1711	-192	32:07	13.9	17.7	4.6	8.0	38.9	41.7	2.00	46.6	-	1.03	51.4	0.92	-0.2	-892	3.72	0.58	37.3	30.0	2175	2.4	0.84	1.15
SINNERS Esports	S13	CZ	32	50.0%	1.05	1851	63	30:33	17.5	16.7	6.8	5.6	43.8	50.0	2.13	52.5	-	1.00	50.0	0.97	0.1	801	4.44	0.69	57.0	30.7	2689	2.7	1.17	1.20
Six Karma	S13	LAT	62	56.5%	1.12	1838	74	32:56	14.9	13.3	6.8	5.6	58.1	53.2	2.63	56.9	-	1.19	60.7	1.03	0.0	540	4.87	0.85	55.5	32.2	2303	3.0	1.40	1.55
SK Gaming	S13	EUW	52	44.2%	0.96	1767	-66	32:06	12.4	12.8	6.0	6.9	53.8	48.1	1.83	39.1	-	1.12	55.8	0.77	-0.1	-583	4.54	0.81	51.0	31.3	2103	3.4	1.19	1.39
SK Gaming Prime	S13	DE	79	67.1%	1.47	1920	170	31:48	16.0	10.8	7.6	4.7	58.2	60.8	2.67	59.8	-	1.18	58.9	1.08	0.3	958	4.73	1.09	66.2	33.7	2314	3.1	1.20	1.50
SoftBank Hawks Gaming	S13	JP	75	65.3%	1.31	1841	134	31:55	13.4	10.2	7.0	4.7	53.3	56.0	2.43	58.9	-	1.12	56.7	0.96	0.2	773	4.07	0.91	63.1	32.6	2325	3.0	1.37	1.56
Solary	S13	FR	42	50.0%	0.97	1800	15	31:31	12.4	12.8	6.1	6.3	54.8	66.7	2.17	48.1	-	1.14	58.3	0.86	0.2	907	4.76	0.74	45.6	32.5	2081	2.8	1.21	1.30
SPIKE Syndicate	S13	RS	17	52.9%	1.12	1858	59	30:59	14.8	13.2	6.9	5.6	47.1	52.9	2.47	55.9	-	1.29	64.7	1.06	-0.1	1324	5.00	0.59	42.6	32.6	2183	2.8	0.90	1.08
Sprout	S13	DE	18	44.4%	1.14	1780	-13	29:48	13.1	11.4	6.0	6.4	38.9	33.3	1.28	28.6	-	0.61	30.6	0.61	-0.6	-593	3.22	0.39	29.6	32.5	2128	2.0	0.81	1.23
Supernova	S13	NA	36	30.6%	0.72	1753	-160	29:56	12.6	17.4	4.8	7.5	44.4	44.4	1.61	38.8	-	1.33	66.7	0.56	-0.1	-1297	4.89	0.53	36.2	30.4	2236	2.6	0.79	0.97
T1	S13	KR	152	63.2%	1.15	1874	126	31:10	12.8	11.1	7.1	4.5	51.3	71.1	2.58	61.9	-	1.17	60.6	1.11	0.2	851	5.21	0.88	65.0	33.5	2211	3.4	1.39	1.63
T1 Challengers	S13	KR	103	45.6%	0.88	1811	-16	32:42	12.5	14.2	5.8	6.3	53.4	51.5	2.45	52.0	-	1.05	52.4	1.15	0.1	175	4.17	0.70	46.1	33.1	2149	3.0	1.33	1.59
Team 7AM	S13	BE	55	60.0%	1.16	1856	85	30:21	16.9	14.5	6.9	5.1	50.9	52.7	1.85	43.6	-	1.18	59.1	0.60	0.2	267	4.51	0.85	60.5	30.9	2400	2.6	0.91	1.03
Team Aze	S13	LAT	32	21.9%	0.73	1691	-192	32:55	10.4	14.3	3.7	8.3	40.6	31.3	1.84	38.7	-	0.84	42.2	0.59	-0.3	-908	2.56	0.38	25.0	31.8	2141	2.9	1.36	1.50
Team BDS	S13	EUW	83	55.4%	1.06	1809	0	32:37	13.2	12.4	6.5	6.5	54.2	49.4	2.61	57.2	-	0.82	41.0	1.10	0.0	-371	4.78	0.90	54.3	32.5	2071	3.1	1.10	1.49
Team BDS Academy	S13	FR	43	44.2%	0.88	1765	-62	31:37	12.7	14.4	6.0	6.5	48.8	41.9	2.51	54.4	-	0.79	40.7	1.07	-0.1	-844	3.86	0.67	45.2	31.3	2407	2.8	1.17	1.37
Team Bliss	S13	OCE	61	57.4%	1.02	1865	69	30:21	16.4	16.0	6.5	5.2	47.5	49.2	2.43	59.5	-	1.33	67.2	1.00	0.1	672	5.05	0.79	55.9	31.3	2530	2.9	1.07	1.41
Team du Sud	S13	FR	62	79.0%	1.83	1946	269	30:07	18.7	10.2	8.1	3.9	53.2	59.7	2.48	64.6	-	1.16	58.1	1.06	0.1	1169	5.19	0.89	70.1	31.9	2414	2.6	1.03	1.20
Team ESCA Gaming	S13	PL	36	30.6%	0.75	1728	-165	31:14	12.4	16.6	4.4	7.4	47.2	30.6	1.81	40.4	-	0.97	48.6	0.81	-0.3	-1010	4.00	0.50	41.4	30.6	2143	2.3	0.77	1.21
Team Fish Taco	S13	NA	36	27.8%	0.81	1765	-164	31:05	14.7	18.1	4.2	8.1	55.6	36.1	1.94	45.7	-	0.94	47.2	1.03	-0.2	-544	4.53	0.47	29.8	30.8	2269	2.3	0.67	1.13
Team Flash	S13	VN	70	40.0%	0.89	1785	-73	32:40	12.2	13.6	5.9	7.2	55.7	47.1	2.11	45.0	-	1.04	52.9	0.79	0.0	-52	4.61	0.71	40.7	32.5	2121	3.3	1.65	1.73
Team GO	S13	FR	98	63.3%	1.44	1839	90	33:10	15.4	10.7	6.9	5.7	63.3	52.0	2.09	46.7	-	1.11	56.1	0.77	0.0	707	4.38	1.01	57.3	31.9	2314	3.0	1.13	1.34
Team Heretics	S13	EUW	44	43.2%	0.99	1803	-46	32:48	14.3	14.4	6.3	7.2	59.1	40.9	2.41	51.1	-	1.25	62.5	0.84	-0.3	-550	4.27	0.77	43.7	31.7	2227	3.2	1.02	1.44
Team Liquid	S13	NA	63	49.2%	0.97	1838	59	32:36	12.6	13.0	6.7	5.7	52.4	66.7	2.46	56.8	-	1.17	58.7	0.94	0.4	973	5.13	0.83	50.4	33.1	2306	3.1	1.37	1.67
Team Liquid Challengers	S13	NA	96	62.5%	1.24	1858	111	31:24	14.8	11.9	7.0	5.4	46.9	65.6	2.57	59.7	-	1.31	65.6	1.13	0.2	878	5.11	0.80	57.7	32.1	2228	3.3	1.33	1.29
Team Liquid First	S13	NA	34	20.6%	0.56	1662	-289	28:14	9.8	17.5	3.4	8.0	38.2	29.4	1.44	35.5	-	0.85	42.6	0.62	-0.6	-1999	3.21	0.21	21.2	30.9	2016	1.9	0.69	0.98
Team Phantasma	S13	GR	40	45.0%	0.89	1802	-28	30:38	13.4	15.1	5.8	6.4	62.5	60.0	2.18	51.3	-	1.18	58.8	0.93	0.4	439	4.95	0.85	54.2	31.6	2183	2.6	0.95	1.24
Team Sampi	S13	CZ	28	39.3%	0.91	1766	-127	28:06	14.7	16.0	4.6	6.9	50.0	53.6	1.93	50.5	-	0.71	35.7	0.82	-0.3	-827	3.93	0.57	39.3	29.6	2325	2.0	0.60	0.97
Team Secret	S13	VN	77	44.2%	0.91	1817	-29	31:24	12.4	13.7	5.9	6.4	45.5	58.4	1.92	43.2	-	0.91	45.5	0.75	0.1	30	4.34	0.70	47.5	33.3	2247	3.1	1.48	1.73
Team Vitality	S13	EUW	45	46.7%	0.99	1836	26	32:05	13.4	13.5	6.5	6.6	55.6	55.6	2.13	47.0	-	1.00	50.0	0.76	0.3	469	5.33	0.73	46.8	32.8	2295	3.1	0.96	1.42
Team WE	S13	CN	85	45.9%	0.99	1811	-22	31:41	12.5	12.7	5.9	6.3	47.1	43.5	2.18	50.1	-	-	-	-	-	-	-	0.79	54.1	32.2	2188	-	-	-
Team Whales	S13	VN	107	57.0%	1.17	1851	42	31:01	14.5	12.3	6.5	5.6	53.3	47.7	2.36	55.3	-	1.18	58.9	0.93	-0.1	121	4.81	0.91	55.8	32.6	2175	3.6	1.62	1.58
TeamOrangeGaming	S13	DE	54	48.1%	1.01	1857	4	28:00	16.5	16.4	6.1	5.8	55.6	55.6	1.81	49.3	-	1.17	59.3	0.89	0.1	-179	5.35	0.57	48.3	30.2	2576	2.5	0.79	1.02
The Agency	S13	BE	22	54.5%	1.29	1866	138	31:31	16.2	12.5	6.8	5.5	50.0	72.7	2.18	53.4	-	1.23	61.4	1.00	0.5	1537	5.64	0.82	58.3	31.3	2400	2.3	0.88	1.09
The Kings	S13	LAT	16	31.3%	0.70	1707	-175	30:27	10.1	14.4	4.4	7.4	56.3	37.5	2.00	47.8	-	0.88	46.9	0.81	-0.3	-1275	3.31	0.56	34.4	31.4	1998	2.2	1.14	1.41
Top Esports	S13	CN	103	56.3%	1.16	1841	55	30:43	13.7	11.8	6.2	5.5	48.5	43.7	2.34	56.3	-	-	-	-	-	-	-	0.68	52.5	32.6	2265	-	-	-
Triple Esports	S13	AL	34	35.3%	0.78	1771	-130	30:00	14.3	18.2	4.6	7.0	41.2	52.9	1.88	46.4	-	0.82	41.2	0.65	-0.1	-1215	4.53	0.62	39.0	30.1	2339	2.1	0.64	1.23
TSM	S13	NA	46	43.5%	0.87	1743	-112	32:00	11.7	13.4	5.2	7.1	45.7	41.3	2.15	46.9	-	0.85	42.4	0.87	-0.3	-876	3.70	0.63	38.9	31.8	2178	3.0	1.10	1.43
TSM Challengers	S13	NA	37	43.2%	0.91	1819	3	31:16	14.1	15.5	6.1	6.4	54.1	64.9	1.92	46.5	-	1.19	59.5	0.84	0.1	626	5.00	0.62	42.1	31.9	2361	2.3	0.90	1.28
TT	S13	CN	81	43.2%	0.94	1768	-71	32:31	12.1	12.8	5.5	6.5	51.9	35.8	2.37	51.1	-	-	-	-	-	-	-	0.64	38.5	32.6	2035	-	-	-
UCAM Tokiers	S13	ES	50	40.0%	0.84	1762	-95	32:26	12.9	15.3	5.5	6.8	36.0	52.0	1.90	41.1	-	1.00	50.0	0.64	-0.1	-960	3.88	0.94	47.7	31.4	2255	2.6	1.01	1.27
Ultra Prime	S13	CN	75	28.0%	0.61	1718	-219	29:21	9.7	15.9	4.0	7.6	34.7	26.7	1.60	38.2	-	-	-	-	-	-	-	0.43	31.2	32.0	1981	-	-	-
Unicorns Of Love Sexy Edition	S13	DE	86	69.8%	1.13	1905	110	31:20	15.3	13.5	7.3	5.1	57.0	58.1	2.35	53.7	-	0.90	45.3	0.93	0.1	542	5.16	0.93	59.9	34.0	2447	3.0	0.97	1.43
UniQ Esports Club	S13	EUW	29	24.1%	0.65	1700	-202	30:15	11.3	17.5	4.2	8.0	31.0	27.6	1.76	42.6	-	0.86	43.1	1.00	-0.5	-1249	3.62	0.52	30.5	30.3	2020	2.3	0.76	1.17
V3 Esports	S13	JP	49	8.2%	0.46	1587	-381	29:12	7.6	16.4	2.3	8.7	44.9	30.6	1.04	25.5	-	0.53	28.6	0.55	-0.6	-2103	2.37	0.22	13.6	30.5	1760	2.7	1.47	1.48
Valiance	S13	RS	28	35.7%	0.87	1737	-97	30:28	12.5	14.4	4.7	6.9	32.1	39.3	1.89	43.6	-	0.82	41.1	0.75	-0.2	-412	4.00	0.54	34.8	30.4	2119	2.4	0.87	1.11
Vanir	S13	EUW	28	39.3%	0.98	1793	-41	33:19	15.4	15.8	5.9	7.3	50.0	50.0	2.14	46.5	-	1.00	50.0	0.75	0.1	253	4.39	0.71	42.9	31.0	2236	2.4	0.83	1.31
Verdant	S13	EUW	55	54.5%	1.00	1812	33	32:46	14.4	14.5	6.8	5.8	67.3	61.8	2.40	53.0	-	1.09	54.5	0.76	0.1	558	4.47	0.96	57.9	31.4	2233	2.9	1.03	1.23
Vertex Esports Club	S13	OCE	19	26.3%	0.54	1760	-233	28:16	11.7	21.7	4.5	8.2	31.6	47.4	1.47	40.5	-	0.84	42.1	0.58	-0.6	-2123	4.16	0.47	38.9	30.7	2078	2.5	0.87	1.13
Villarreal QLASH	S13	ES	50	50.0%	0.93	1827	-5	31:06	14.9	16.0	6.3	6.2	48.0	56.0	2.20	49.1	-	0.78	39.0	0.88	0.0	116	4.74	0.70	48.4	32.0	2317	2.6	0.92	1.30
Vitality.Bee	S13	FR	44	50.0%	1.00	1786	-10	32:57	12.6	12.6	6.3	6.5	52.3	43.2	2.41	53.7	-	0.80	39.8	0.95	-0.1	-162	3.95	0.80	46.5	32.2	2105	2.7	1.01	1.33
ViV Esport	S13	FR	41	46.3%	1.02	1817	3	31:21	14.0	13.7	5.9	6.2	48.8	56.1	1.95	44.0	-	0.90	45.1	0.83	0.1	391	4.27	0.68	47.1	32.0	2205	2.5	0.93	1.23
Vivo Keyd Stars	S13	BR	45	42.2%	0.93	1778	-43	32:43	14.7	15.7	5.9	6.5	46.7	51.1	2.31	53.0	-	1.13	57.8	0.78	0.0	70	4.20	0.73	48.1	31.2	2285	3.1	1.46	1.53
Vivo Keyd Stars Academy	S13	BR	64	62.5%	1.25	1848	118	31:54	15.4	12.3	6.8	5.3	60.9	60.9	2.53	59.7	-	1.14	57.8	0.95	0.2	722	4.03	0.88	57.8	31.8	2314	3.0	1.21	1.49
Webidoo Gaming	S13	IT	14	28.6%	1.05	1744	-71	33:32	13.7	13.0	4.4	7.6	64.3	35.7	2.29	46.8	-	0.71	35.7	1.00	-0.1	-220	2.64	0.64	42.9	31.2	2026	2.0	0.97	1.36
Weibo Gaming	S13	CN	118	61.0%	1.17	1855	99	30:36	13.5	11.5	6.7	4.9	44.1	53.4	2.14	51.3	-	0.17	55.3	1.05	0.2	470	5.32	0.83	58.8	32.7	2191	3.3	1.32	1.57
WeSports	S13	DE	42	47.6%	0.98	1806	-52	30:12	16.2	16.5	5.3	6.5	42.9	35.7	2.07	48.8	-	0.81	41.7	0.79	0.0	-345	4.67	0.64	47.6	31.0	2503	2.5	0.96	1.17
West Point Esports	S13	PCS	18	38.9%	0.78	1802	-138	28:50	13.1	16.8	5.0	7.2	50.0	33.3	1.94	50.6	-	0.89	44.4	1.00	-0.3	-1242	4.56	0.50	33.3	32.1	2217	2.9	1.15	1.25
White Dragons	S13	PT	63	47.6%	0.97	1776	-37	31:08	12.8	13.2	6.0	6.2	52.4	57.1	2.35	55.5	-	1.06	53.2	1.00	0.1	-6	4.43	0.73	50.3	31.1	2094	2.7	1.03	1.25
Wild Panthers Esports	S13	GR	28	35.7%	0.83	1754	-122	32:08	13.1	15.8	5.0	7.3	35.7	28.6	1.86	39.3	-	0.61	30.4	0.82	-0.4	-1321	3.18	0.54	34.5	31.5	2240	2.4	0.96	1.25
Wildcard Gaming	S13	NA	84	54.8%	0.99	1851	38	30:39	15.1	15.2	5.8	5.9	42.9	44.0	2.48	59.0	-	0.82	41.1	1.08	-0.2	45	4.42	0.89	59.3	32.1	2441	2.4	0.67	1.07
Wizards Club	S13	ES	77	62.3%	1.23	1834	57	31:24	15.9	12.9	6.6	5.5	54.5	57.1	2.69	59.0	-	0.91	46.1	1.14	0.0	347	4.18	0.91	61.7	31.4	2445	2.6	0.94	1.34
WLGaming Esports	S13	GR	68	64.7%	1.25	1887	113	31:40	17.4	13.9	7.0	5.2	41.2	54.4	2.59	62.4	-	1.06	52.9	1.18	0.1	429	4.84	0.76	58.7	32.2	2455	2.8	1.07	1.25
Xoldiers	S13	ES	39	38.5%	0.81	1740	-105	32:12	12.4	15.3	5.2	7.4	46.2	46.2	1.87	40.5	-	1.08	53.8	0.74	0.0	-76	4.62	0.49	36.0	31.1	1993	2.6	1.05	1.24
XtremeDominators	S13	RS	14	0.0%	0.34	1529	-528	26:12	7.3	21.5	1.1	10.2	42.9	-	0.79	20.2	-	0.29	14.3	0.50	-1.3	-4142	2.43	0.14	10.3	28.3	1744	1.8	0.65	0.87
ZennIT Gaming	S13	BE	35	45.7%	0.88	1782	-97	31:41	14.8	16.7	5.7	7.4	51.4	37.1	2.40	51.9	-	0.71	35.7	0.86	-0.1	-540	4.11	0.66	38.5	30.9	2196	2.3	0.77	1.12
Zero Tenacity	S13	PL	60	71.7%	1.56	1945	224	30:38	18.1	11.5	7.8	4.5	55.0	65.0	2.28	56.7	-	1.17	58.3	0.97	0.4	1740	5.43	1.02	73.3	32.5	2534	2.8	1.03	1.26
ZETA	S13	ES	45	46.7%	0.90	1771	-74	32:16	12.4	13.8	5.7	7.1	35.6	22.2	1.93	41.8	-	0.58	30.0	0.91	-0.3	-881	2.91	0.67	39.3	31.8	2061	2.5	0.93	1.24
