Name	Season	Region	Games	Win rate	K:D	GPM	GDM	Game duration	Kills / game	Deaths / game	Towers killed	Towers lost	FB%	FT%	DRAPG	DRA%	VGPG	HERPG	HER%	DRA@15	TD@15	GD@15	PPG	NASHPG	NASH%	CSM	DPM	WPM	VWPM	WCPM
100 Thieves	S8	NA	69	53.6%	1.04	1761	-12	36:48	11.0	10.6	6.5	6.1	62.3	55.1	1.80	47.2	-	0.36	38.5	0.57	-0.1	-280	-	0.88	52.8	33.6	1800	3.4	1.22	1.58
100 Thieves Academy	S8	NA	41	46.3%	0.91	1752	-35	33:13	10.2	11.2	5.8	6.3	51.2	41.5	1.61	46.1	-	0.32	34.2	0.46	0.1	-553	-	0.59	43.1	34.1	1761	3.6	1.15	1.33
1907 Fenerbahce	S8	TR	68	51.5%	1.07	1795	34	35:07	13.7	12.7	6.1	5.8	41.2	50.0	1.84	51.9	-	0.50	53.1	0.48	0.1	272	-	0.78	54.0	33.5	1932	3.6	1.24	1.61
6Sense	S8	LAN	39	38.5%	0.71	1725	-130	35:47	11.7	16.4	5.9	7.5	46.2	41.0	1.67	43.2	-	0.41	42.1	0.54	-0.6	-935	-	0.77	42.5	32.3	1798	3.5	1.27	1.22
7th Heaven	S8	JP	24	29.2%	0.85	1697	-172	35:42	9.0	10.6	4.0	7.7	50.0	37.5	1.33	37.1	-	0.25	31.6	0.38	-0.2	-404	-	0.54	30.2	34.8	1589	4.4	1.08	1.76
Ad Hoc Gaming	S8	EUW	3	0.0%	0.50	1582	-415	38:26	8.0	16.0	1.7	10.3	-	33.3	1.33	35.6	-	0.67	66.7	1.33	-0.3	-1729	-	0.00	0.0	33.3	1901	3.3	1.07	1.52
Afreeca Freecs	S8	KR	121	58.7%	1.20	1842	86	36:41	9.5	7.9	6.6	5.1	53.7	51.2	1.99	52.7	-	0.41	54.3	0.50	0.1	291	-	0.94	56.3	36.8	1669	4.7	1.55	2.02
ahq e-Sports Club	S8	TW	65	36.9%	0.80	1742	-94	37:50	9.1	11.4	5.4	7.2	40.0	47.7	1.65	43.4	-	0.49	61.5	0.38	-0.3	-613	-	0.71	38.6	34.9	1751	4.1	1.37	1.90
APK Prince	S8	KR	2	0.0%	0.31	1550	-401	32:49	6.0	19.5	1.0	8.5	100.0	-	0.00	0.0	-	0.00	-	0.00	-1.0	-3012	-	0.50	50.0	30.8	1814	4.5	1.09	2.41
ArkAngel	S8	SEA	6	50.0%	0.93	1781	-63	30:24	15.7	16.8	5.5	7.5	83.3	33.3	2.00	58.3	-	0.33	33.3	0.83	-0.7	85	-	0.50	41.7	30.9	2127	3.0	1.08	1.24
Ascension Gaming	S8	SEA	28	53.6%	1.05	1836	35	33:19	15.9	15.1	6.5	5.8	39.3	46.4	1.57	45.8	-	0.50	53.8	0.46	-0.5	-317	-	0.64	51.2	33.4	2051	3.2	1.10	1.22
Asus ROG	S8	EUW	16	31.3%	0.70	1728	-206	31:54	10.4	14.8	4.6	7.8	37.5	31.3	1.19	39.1	-	0.44	50.0	0.25	-1.3	-1928	-	0.38	25.0	32.7	1741	4.4	1.27	1.55
Asus ROG Army	S8	ES	56	41.1%	0.84	1756	-62	34:40	11.2	13.4	6.0	7.1	35.7	33.9	1.70	46.5	-	0.46	59.1	0.52	-0.2	-130	-	0.54	42.4	33.0	1901	3.6	1.24	1.40
Asus ROG Elite	S8	EUW	8	50.0%	1.05	1798	-7	30:20	13.6	13.0	5.6	5.5	37.5	75.0	1.75	55.8	-	0.63	62.5	0.75	0.4	302	-	0.63	43.8	33.8	1840	2.6	0.89	1.06
Avant Gaming	S8	OCE	53	43.4%	0.92	1787	-44	32:38	11.8	12.7	5.6	6.5	41.5	43.4	1.66	48.8	-	0.43	50.0	0.63	-0.2	194	-	0.66	45.0	33.8	1833	3.6	1.14	1.24
BAUSuperMassive	S8	TR	95	72.6%	1.34	1914	217	31:54	16.1	11.9	7.9	4.0	51.6	73.7	2.18	68.3	-	0.58	63.2	0.82	0.8	1334	-	0.92	71.7	32.9	2200	3.5	1.22	1.27
bbq Olivers	S8	KR	96	30.2%	0.84	1716	-149	37:47	8.0	9.5	4.7	7.6	43.8	38.5	1.44	34.4	-	0.52	55.6	0.32	-0.3	-492	-	0.77	38.4	35.1	1574	4.2	1.38	1.69
Bigetron E-Sports	S8	SEA	6	16.7%	0.43	1559	-492	27:42	8.3	19.5	2.7	9.2	-	16.7	0.67	33.3	-	0.17	16.7	0.50	-1.2	-3215	-	0.17	16.7	30.6	1606	2.7	0.86	0.84
Bilibili Gaming	S8	CN	98	48.0%	0.88	1794	-44	33:58	10.6	12.0	5.6	6.3	48.0	44.9	1.55	44.2	-	-	-	-	-	-	-	0.79	52.6	34.2	1935	3.7	1.28	1.62
Bombers	S8	OCE	50	30.0%	0.77	1696	-182	33:34	9.7	12.5	4.6	7.8	44.0	34.0	1.54	42.9	-	0.46	47.9	0.46	-0.7	-1125	-	0.54	36.0	33.2	1727	3.5	1.24	1.28
Bursaspor Esports	S8	TR	32	37.5%	0.79	1718	-141	31:36	10.8	13.8	4.4	7.4	37.5	18.8	1.38	41.5	-	0.38	38.7	0.71	-1.4	-1980	-	0.41	38.7	32.8	1642	3.4	1.46	1.16
Cherry Gaming	S8	VN	67	40.3%	0.87	1815	-82	30:43	13.5	15.6	5.3	6.5	44.8	46.3	1.25	46.4	-	0.40	48.2	0.43	-0.3	-618	-	0.67	47.8	33.1	2031	3.7	1.01	1.29
Chiefs eSports Club	S8	OCE	67	71.6%	1.43	1908	178	32:44	16.0	11.1	7.7	4.7	47.8	56.7	1.97	62.5	-	0.58	60.0	0.67	0.4	716	-	1.00	72.0	33.9	1977	3.3	1.20	1.35
CLG Academy	S8	NA	49	57.1%	1.11	1779	3	34:13	12.5	11.2	6.1	6.2	42.9	44.9	1.69	48.9	-	0.55	58.7	0.53	-0.1	-194	-	0.78	54.7	33.4	1797	3.2	1.23	1.39
Cloud9	S8	NA	74	58.1%	1.06	1830	92	35:05	11.9	11.2	7.0	5.4	56.8	63.5	1.72	46.7	-	0.42	43.7	0.62	0.3	622	-	0.81	57.4	35.1	1996	3.4	1.25	1.45
Cloud9 Academy	S8	NA	48	72.9%	1.37	1892	195	33:45	13.9	10.1	8.0	4.5	50.0	62.5	1.71	53.2	-	0.44	45.7	0.46	0.4	796	-	0.85	63.7	34.3	2090	3.6	1.21	1.31
Clutch Gaming	S8	NA	53	41.5%	0.87	1732	-88	37:18	9.1	10.5	5.3	7.1	24.5	37.7	1.72	40.8	-	0.45	47.1	0.62	-0.4	-819	-	0.75	45.1	34.4	1760	3.9	1.30	1.57
Clutch Gaming Academy	S8	NA	41	48.8%	0.99	1756	-14	38:11	12.2	12.3	6.5	6.0	46.3	53.7	1.83	47.4	-	0.41	45.9	0.56	0.2	194	-	0.83	47.0	33.0	1980	3.6	1.23	1.41
CNB e-Sports Club	S8	BR	48	47.9%	0.81	1759	-75	33:37	12.3	15.1	6.1	6.7	37.5	52.1	1.54	46.9	-	0.46	48.9	0.60	0.3	-549	-	0.60	40.8	32.0	1907	3.4	1.09	1.39
Counter Logic Gaming	S8	NA	36	38.9%	0.96	1743	-94	37:29	10.7	11.1	5.5	7.7	66.7	50.0	1.97	48.3	-	0.39	45.2	0.53	-0.1	132	-	0.69	34.3	34.0	1870	3.8	1.33	1.54
Crest Gaming	S8	JP	25	36.0%	0.94	1653	-128	36:51	11.3	12.0	4.8	7.3	60.0	36.0	1.56	35.3	-	0.44	45.8	0.32	-0.2	-413	-	0.68	44.4	31.2	1932	3.4	1.25	1.35
Crvena Zvezda Esports	S8	EUW	6	16.7%	0.45	1565	-381	31:09	5.8	12.8	3.0	9.3	33.3	33.3	1.33	36.7	-	0.33	33.3	0.83	-0.7	-2569	-	0.00	0.0	32.5	1400	3.2	1.20	1.08
Cube Adonis	S8	VN	46	58.7%	1.12	1893	81	30:08	16.4	14.5	6.5	5.4	47.8	50.0	1.26	48.4	-	0.52	54.5	0.37	0.0	7	-	0.72	63.6	33.8	2061	3.3	1.47	1.28
DAMWON Gaming	S8	KR	11	63.6%	1.14	1861	107	36:24	13.1	11.5	6.5	4.6	36.4	54.5	1.91	44.1	-	0.27	33.3	0.64	0.2	180	-	0.82	56.1	35.9	1989	4.2	1.33	2.18
Dark Horse	S8	LAS	42	16.7%	0.57	1608	-282	33:51	8.0	13.9	3.8	8.7	45.2	40.5	1.21	32.7	-	0.55	54.8	0.38	-0.7	-1266	-	0.33	23.3	31.5	1547	3.9	1.44	1.30
Dark Passage	S8	TR	67	43.3%	0.91	1753	-69	32:36	10.6	11.7	5.2	6.7	56.7	52.2	1.55	47.3	-	0.51	50.7	0.49	0.0	61	-	0.69	44.7	33.9	1734	3.4	1.08	1.31
Dark Tigers	S8	CZ	21	47.6%	0.89	1767	-90	32:19	15.3	17.1	5.8	6.4	47.6	47.6	1.33	39.8	-	0.52	55.0	0.38	-0.9	-1260	-	0.57	43.9	31.7	1976	2.8	0.93	1.02
Dash9 Gaming	S8	LAN	43	58.1%	1.18	1826	93	37:43	13.2	11.2	7.2	5.8	51.2	51.2	2.19	54.0	-	0.56	61.5	0.58	0.0	318	-	0.86	52.2	34.5	2039	3.8	1.19	1.45
Detonation FocusMe	S8	JP	61	72.1%	1.40	1866	193	32:15	13.0	9.3	7.7	3.9	55.7	65.6	1.51	53.5	-	0.57	64.8	0.51	0.5	1042	-	0.80	72.0	34.2	2093	3.8	1.34	1.37
Dire Wolves	S8	OCE	72	73.6%	1.38	1934	221	32:57	14.0	10.1	7.6	4.2	50.0	55.6	2.04	62.2	-	0.50	52.2	0.69	0.4	820	-	0.75	62.7	36.3	1984	3.2	1.03	1.46
Doxa Gaming	S8	PT	12	8.3%	0.43	1551	-426	31:28	7.9	18.5	2.5	9.2	50.0	25.0	1.00	33.3	-	0.33	33.3	0.42	-0.7	-2724	-	0.25	20.0	29.4	1814	2.9	1.12	1.09
Dragon Army	S8	CIS	38	52.6%	1.00	1731	-48	34:02	11.1	11.0	6.0	6.3	47.4	39.5	2.16	52.0	-	0.55	56.8	0.61	-0.2	-828	-	0.68	49.5	32.8	1809	3.4	1.13	1.34
Dragons E.C	S8	ES	28	17.9%	0.71	1675	-236	31:48	10.1	14.1	3.7	8.7	32.1	32.1	1.00	26.3	-	0.25	25.0	0.32	-0.9	-1010	-	0.36	22.2	32.6	1773	3.1	1.19	1.18
E-Monkeyz Club	S8	ES	56	35.7%	0.76	1717	-156	30:43	10.3	13.5	5.0	7.0	39.3	28.6	1.46	42.5	-	0.29	36.4	0.71	-0.3	-956	-	0.43	39.7	32.6	1798	3.3	1.08	1.18
Echo Fox	S8	NA	62	54.8%	0.91	1817	31	33:31	11.7	12.9	6.5	5.9	50.0	54.8	2.03	57.7	-	0.50	52.5	0.67	0.5	402	-	0.71	51.4	34.7	2039	3.3	1.05	1.27
Echo Fox Academy	S8	NA	45	44.4%	0.94	1790	-7	34:40	10.6	11.3	6.0	6.8	46.7	60.0	1.82	52.1	-	0.38	41.5	0.82	0.1	173	-	0.80	51.9	34.8	1855	3.4	0.97	1.28
Echo Zulu	S8	EUW	3	33.3%	0.70	1639	-173	40:02	15.7	22.3	4.7	9.0	33.3	33.3	1.33	31.1	-	0.00	0.0	0.00	-1.3	-1538	-	1.00	55.6	28.9	2341	3.2	1.37	1.04
Edward Gaming	S8	CN	135	60.0%	1.32	1841	86	33:00	12.7	9.6	6.3	5.3	59.3	60.7	1.91	60.6	-	0.10	81.3	0.82	0.4	1267	-	0.82	60.3	34.3	1815	3.7	1.36	1.57
Electronik Generation	S8	PT	12	66.7%	1.46	1845	109	34:01	16.3	11.2	8.4	5.3	75.0	41.7	1.50	46.1	-	0.58	58.3	0.33	-0.3	35	-	0.67	56.9	32.0	2021	3.3	1.43	1.15
Elements Pro Gaming	S8	CIS	28	21.4%	0.54	1656	-257	34:24	8.2	15.1	3.8	8.3	28.6	42.9	0.96	26.2	-	0.43	48.0	0.43	-0.4	-1138	-	0.39	25.3	33.1	1858	3.5	1.07	1.25
Enclave Gaming	S8	EUW	6	33.3%	0.66	1719	-137	33:46	10.0	15.2	5.2	6.8	33.3	50.0	1.67	44.4	-	0.67	66.7	0.33	0.2	-12	-	0.33	30.0	33.7	1746	3.2	1.26	1.26
eSuba	S8	CZ/SK	3	0.0%	0.43	1610	-275	40:14	8.3	19.3	4.7	9.3	66.7	33.3	2.00	35.6	-	0.67	66.7	1.00	0.0	-814	-	1.00	38.9	31.4	1826	2.9	1.29	1.44
eSuba	S8	CZ	31	87.1%	2.16	2015	428	28:52	20.9	9.5	8.5	2.5	74.2	71.0	1.87	74.5	-	0.87	87.1	0.68	1.9	3582	-	0.94	81.5	32.4	2303	3.3	1.06	0.99
EURONICS Gaming	S8	EUW	11	45.5%	0.81	1820	21	34:47	9.8	12.2	6.0	6.8	45.5	36.4	1.82	52.6	-	0.45	50.0	0.73	-0.5	133	-	0.82	56.4	36.2	2084	3.2	1.05	1.28
Ever8 Winners	S8	KR	14	42.9%	1.10	1769	-77	37:56	11.3	10.3	4.7	7.9	50.0	14.3	1.43	37.7	-	0.36	55.6	0.31	-0.8	-1701	-	0.64	35.9	35.2	1635	4.7	1.29	1.92
Evilvice Esports	S8	LAS	26	34.6%	0.82	1704	-124	33:14	11.2	13.6	4.8	7.3	38.5	50.0	1.35	44.5	-	0.46	48.0	0.46	-0.5	-581	-	0.50	38.2	32.3	1683	3.0	1.21	1.22
EVOS Esports	S8	VN	94	60.6%	1.15	1897	112	31:25	14.0	12.2	6.9	5.1	43.6	52.1	1.55	55.3	-	0.41	48.8	0.44	0.2	564	-	0.72	57.2	35.3	1999	3.8	1.19	1.40
exceL eSports	S8	EUW	9	55.6%	0.75	1740	-87	34:34	9.7	12.9	6.3	6.6	55.6	44.4	2.11	45.8	-	0.44	50.0	0.78	-1.0	-1832	-	0.67	37.0	33.6	1848	3.8	1.06	1.25
eXtatus	S8	CZ	26	42.3%	0.79	1787	-62	28:04	12.7	15.9	5.4	6.3	53.8	53.8	1.38	51.3	-	0.46	46.2	0.69	0.3	232	-	0.46	42.8	31.0	1939	3.1	1.00	0.90
FC Schalke 04	S8	EUW	55	50.9%	1.03	1760	-26	35:38	10.5	10.2	6.2	6.4	52.7	34.5	1.51	44.8	-	0.51	52.8	0.38	-0.5	-176	-	0.69	48.5	34.5	1774	3.9	1.31	1.49
FFQTV Gaming	S8	VN	71	49.3%	0.91	1831	-23	29:30	12.9	14.3	5.8	5.8	52.1	62.0	0.92	35.7	-	0.48	52.3	0.23	0.0	-124	-	0.63	52.1	33.4	1912	3.5	1.02	1.23
Flamengo eSports	S8	BR	27	63.0%	1.22	1854	128	33:16	14.3	11.7	7.2	5.1	55.6	40.7	2.30	59.8	-	0.56	57.7	0.88	-0.1	728	-	0.81	68.8	33.9	1924	3.8	1.35	1.52
Flash Wolves	S8	TW	96	79.2%	1.80	1891	237	32:25	13.1	7.2	7.8	3.6	59.4	67.7	1.89	63.0	-	0.64	74.4	0.68	0.5	1069	-	0.89	73.8	34.7	1933	4.2	1.42	1.55
FlyQuest	S8	NA	41	39.0%	0.82	1733	-117	35:57	10.0	12.1	5.5	7.4	41.5	46.3	1.66	43.3	-	0.49	52.6	0.51	-0.2	-553	-	0.76	42.7	33.7	1789	3.5	1.11	1.40
FlyQuest Academy	S8	NA	53	60.4%	1.09	1805	46	36:46	13.4	12.3	7.0	5.7	50.9	58.5	2.19	53.7	-	0.60	65.3	0.77	-0.2	36	-	1.11	61.6	33.4	2051	3.7	1.29	1.54
Fnatic	S8	EUW	87	69.0%	1.24	1878	157	33:35	13.4	10.8	7.6	4.8	57.5	55.2	1.71	56.7	-	0.53	56.8	0.53	0.2	567	-	0.86	66.4	34.4	1963	3.5	1.12	1.31
For The Win eSports Club	S8	EUW	15	73.3%	1.55	1924	254	30:28	15.1	9.7	7.6	4.1	53.3	66.7	1.20	48.8	-	0.60	60.0	0.47	0.6	1497	-	0.53	57.7	34.1	1941	2.7	0.93	1.14
FTV Esports	S8	VN	66	39.4%	0.83	1821	-112	28:39	13.6	16.3	4.8	6.7	51.5	36.4	1.24	50.9	-	0.27	32.1	0.40	-0.2	-341	-	0.39	34.2	33.2	2070	3.5	0.89	1.27
Funplus Phoenix	S8	CN	94	44.7%	0.91	1788	-53	34:26	11.8	13.0	5.7	6.4	52.1	44.7	1.73	50.6	-	-	-	-	-	-	-	0.68	49.3	34.0	1801	4.0	1.32	1.49
Furious Gaming	S8	LAS	57	50.9%	1.13	1785	50	35:36	11.4	10.1	6.7	6.1	54.4	54.4	1.86	50.7	-	0.60	60.7	0.49	0.3	524	-	0.70	45.7	34.0	1805	3.9	1.30	1.47
G-Rex	S8	TW	100	57.0%	1.01	1769	15	34:57	11.4	11.3	6.2	5.5	49.0	49.0	1.73	49.0	-	0.38	44.2	0.49	0.1	16	-	0.76	51.2	34.0	1784	4.0	1.44	1.55
G2 Esports	S8	EUW	86	58.1%	1.26	1841	118	35:18	12.0	9.5	7.3	5.5	48.8	55.8	1.79	52.0	-	0.51	55.0	0.43	0.3	771	-	0.78	51.0	35.5	1935	3.8	1.32	1.57
G2 Vodafone	S8	ES	32	50.0%	1.08	1762	-45	35:24	11.3	10.4	6.1	7.0	15.6	18.8	1.63	41.5	-	0.13	23.5	0.56	-0.7	-1724	-	0.59	53.2	33.7	1851	4.2	1.09	1.52
Galakticos	S8	TR	28	10.7%	0.48	1604	-406	30:42	7.3	15.1	2.6	9.3	25.0	25.0	0.89	21.4	-	0.18	20.0	0.25	-1.4	-2602	-	0.39	19.6	31.8	1600	3.6	0.94	1.18
Gambit Esports	S8	CIS	70	68.6%	1.26	1831	136	35:16	14.6	11.6	7.4	4.6	54.3	45.7	2.31	61.5	-	0.50	53.8	0.59	0.0	495	-	0.87	64.1	32.8	2219	3.5	1.19	1.56
Gamers Origin	S8	EUW	25	76.0%	1.69	1999	326	31:20	17.5	10.3	8.6	3.7	84.0	76.0	1.80	67.0	-	0.68	73.9	0.56	1.4	2644	-	1.20	76.7	33.2	2230	3.2	1.02	1.23
Gaming Gaming	S8	LAN	37	35.1%	0.79	1738	-91	34:19	11.2	14.2	5.4	7.1	51.4	56.8	1.73	49.1	-	0.46	48.6	0.68	0.2	-86	-	0.49	34.7	33.5	1808	3.5	1.05	1.39
Gangwon	S8	KR	2	0.0%	0.31	1549	-562	30:47	5.5	18.0	1.0	8.5	-	-	0.50	16.7	-	0.00	0.0	0.00	-2.5	-4302	-	0.00	0.0	33.9	1412	4.1	0.85	2.03
Gen.G eSports	S8	KR	65	58.5%	1.03	1791	69	34:31	8.8	8.5	6.4	4.9	43.1	53.8	2.31	64.5	-	0.45	46.8	0.75	0.1	520	-	0.65	56.3	35.4	1652	3.4	1.49	1.64
Gentside	S8	EUW	23	47.8%	0.99	1718	-80	31:43	11.2	11.3	5.1	6.1	56.5	56.5	1.00	35.7	-	0.43	50.0	0.39	0.0	-280	-	0.43	44.7	31.8	1819	3.6	1.18	1.23
Giants	S8	EUW	36	33.3%	0.71	1724	-133	35:27	9.4	13.2	5.6	7.3	27.8	47.2	1.53	44.3	-	0.36	40.6	0.47	-0.2	-658	-	0.61	40.5	34.0	1780	3.6	1.19	1.44
GIGABYTE Marines	S8	VN	81	56.8%	1.12	1875	68	31:53	15.6	13.9	6.5	5.4	48.1	53.1	1.74	58.2	-	0.56	63.4	0.49	0.3	308	-	0.73	57.3	34.4	2052	3.9	1.08	1.37
Golden Guardians	S8	NA	36	25.0%	0.84	1718	-173	36:02	9.8	11.7	4.4	8.3	44.4	38.9	1.47	39.1	-	0.50	51.4	0.50	-0.3	-897	-	0.56	23.3	34.3	1845	3.9	1.28	1.35
Golden Guardians Academy	S8	NA	36	16.7%	0.68	1683	-224	35:23	9.8	14.4	4.3	8.5	47.2	38.9	1.78	42.8	-	0.36	38.2	0.67	-0.4	-449	-	0.42	25.8	33.1	1674	3.3	1.22	1.42
Griffin	S8	KR	69	65.2%	1.62	1840	121	36:47	11.7	7.2	6.7	5.0	44.9	53.6	1.75	46.6	-	0.38	45.6	0.42	-0.1	132	-	0.84	61.4	36.2	1782	3.8	1.33	1.86
GrowUP	S8	PT	12	50.0%	1.14	1773	57	32:44	12.6	11.0	6.3	6.0	41.7	58.3	1.58	60.7	-	0.67	66.7	0.58	0.4	1445	-	0.67	55.0	32.1	1826	3.7	1.31	1.18
Gwangju City	S8	KR	3	33.3%	0.78	1637	-375	28:48	9.7	12.3	3.7	8.7	33.3	-	1.67	47.2	-	0.00	0.0	0.67	-3.0	-4358	-	0.33	33.3	32.9	1547	3.6	0.74	2.33
Gyeonggi	S8	KR	2	0.0%	0.43	1635	-363	37:19	10.0	23.0	2.0	9.0	50.0	-	0.00	0.0	-	0.50	100.0	0.00	0.0	499	-	0.50	50.0	32.1	1811	4.8	0.86	2.01
H2K	S8	EUW	41	29.3%	0.60	1703	-167	34:25	7.6	12.6	4.8	8.0	22.0	34.1	1.02	29.1	-	0.59	61.5	0.39	-0.6	-1450	-	0.78	42.5	34.2	1796	3.7	1.24	1.42
Hafnet eSports	S8	LAS	47	31.9%	0.73	1696	-152	33:49	10.0	13.8	5.1	7.4	46.8	38.3	1.49	43.0	-	0.38	40.9	0.60	-0.4	-891	-	0.57	39.1	32.6	1767	4.1	1.42	1.39
Hall of Fame	S8	VN	29	10.3%	0.67	1729	-305	31:43	10.8	16.3	2.9	9.0	37.9	24.1	1.17	35.3	-	0.31	36.0	0.34	-1.3	-1990	-	0.34	22.6	34.2	1723	4.2	1.15	1.60
Hanwha Life eSports	S8	KR	46	54.3%	1.00	1781	30	33:56	9.3	9.3	6.8	5.2	56.5	67.4	1.85	51.8	-	0.59	61.4	0.63	0.3	-75	-	0.76	61.7	34.3	1667	3.7	1.41	1.58
Hexagone eSports	S8	PT	12	25.0%	0.59	1659	-236	32:38	11.1	18.7	3.6	7.4	8.3	16.7	1.75	49.4	-	0.17	18.2	0.25	-0.8	-2682	-	0.50	31.8	31.5	1784	2.9	0.91	0.97
Hong Kong Attitude	S8	TW	77	41.6%	0.84	1751	-39	35:14	9.6	11.4	5.6	6.3	54.5	45.5	1.87	52.3	-	0.43	47.1	0.48	-0.2	-163	-	0.64	46.5	34.7	1820	4.0	1.45	1.73
HWA Gaming	S8	TR	61	45.9%	0.88	1725	-98	34:05	11.1	12.7	5.5	6.8	54.1	37.7	1.48	40.2	-	0.34	37.5	0.50	-0.4	-643	-	0.56	39.0	32.6	1774	3.7	1.30	1.32
I Gaming Star	S8	KR	2	0.0%	0.27	1557	-493	31:54	4.0	15.0	0.5	10.0	50.0	-	1.00	33.3	-	0.50	50.0	0.00	-1.5	-2598	-	0.00	0.0	35.0	1246	4.9	1.03	2.93
IDM Gaming	S8	BR	22	40.9%	0.83	1699	-146	32:35	9.8	11.9	5.1	7.0	45.5	31.8	1.55	47.3	-	0.36	38.1	0.59	0.1	-625	-	0.50	33.3	32.7	1589	3.0	1.29	1.15
Illuminar Gaming	S8	EUW	17	47.1%	0.83	1772	8	36:13	9.8	11.8	6.8	6.3	64.7	47.1	2.88	62.8	-	0.35	35.3	1.06	0.2	-289	-	0.94	56.9	34.7	1967	4.2	1.31	1.46
Infinity eSports	S8	LAN	60	60.0%	1.23	1800	82	34:49	13.2	10.6	6.8	4.9	48.3	63.3	1.68	53.9	-	0.52	54.4	0.50	0.6	453	-	0.70	57.2	33.1	2053	3.6	1.43	1.42
Inside Games	S8	CZ	30	43.3%	0.71	1738	-128	30:46	13.9	17.2	4.9	7.1	50.0	30.0	1.03	32.4	-	0.23	25.0	0.33	-0.7	-1668	-	0.53	47.0	30.4	1935	2.9	0.97	0.97
INTZ eSports	S8	BR	36	38.9%	0.91	1718	-101	35:55	10.9	12.0	5.9	7.0	50.0	55.6	1.42	40.6	-	0.39	50.0	0.44	-0.3	-714	-	0.69	42.2	32.6	1840	3.9	1.35	1.39
Invictus Gaming	S8	CN	131	74.8%	1.32	1953	240	30:57	15.1	11.4	7.8	3.7	45.0	64.1	1.73	62.6	-	0.09	70.6	0.44	0.6	1085	-	0.79	69.1	35.2	2190	3.5	1.34	1.43
iNvolute	S8	CZ	10	10.0%	0.50	1604	-392	27:58	8.3	16.4	2.2	9.0	40.0	10.0	0.70	22.5	-	0.00	0.0	0.10	-2.5	-3873	-	0.30	31.3	30.7	1745	3.0	0.83	0.89
Isurus Gaming	S8	LAS	56	66.1%	1.46	1848	166	35:11	12.9	8.8	7.4	4.9	60.7	62.5	1.80	52.3	-	0.55	58.5	0.50	0.6	1347	-	0.79	62.0	35.1	1922	4.2	1.54	1.55
J Team	S8	TW	85	43.5%	0.92	1741	-41	36:04	10.6	11.5	5.4	6.3	42.4	44.7	1.68	49.0	-	0.38	45.1	0.49	0.0	-94	-	0.61	41.8	33.9	1817	3.8	1.29	1.49
JD Gaming	S8	CN	120	55.0%	1.10	1817	27	33:33	11.7	10.6	6.6	5.4	55.8	54.2	1.67	50.6	-	-	-	-	-	-	-	0.66	51.6	34.1	1837	3.7	1.28	1.48
Jin Air Green Wings	S8	KR	97	39.2%	0.93	1757	-73	38:08	8.7	9.4	5.4	6.9	50.5	47.4	1.80	43.4	-	0.43	48.8	0.57	0.0	-192	-	0.62	39.3	36.1	1726	4.4	1.27	1.87
K1ck eSports Club	S8	PT	12	91.7%	2.47	1972	389	29:30	16.1	6.5	9.3	2.9	83.3	91.7	2.00	76.4	-	1.00	100.0	0.42	1.8	3509	-	0.83	83.3	34.2	1906	3.3	1.22	1.19
KaBuM! e-Sports	S8	BR	60	65.0%	1.06	1856	107	31:18	12.6	12.0	7.2	4.9	45.0	58.3	1.62	53.6	-	0.45	46.6	0.44	0.2	208	-	0.85	60.2	33.9	1955	3.7	1.35	1.38
Kaos Latin Gamers	S8	LAS	76	69.7%	1.31	1866	186	32:24	14.7	11.2	7.6	4.2	71.1	57.9	2.03	65.0	-	0.42	47.1	0.80	0.4	852	-	0.79	69.1	33.2	2074	3.7	1.38	1.45
Kingzone DragonX	S8	KR	116	65.5%	1.28	1881	162	34:51	11.0	8.6	7.3	4.2	54.3	62.9	2.27	63.9	-	0.37	50.0	0.70	0.3	626	-	0.91	67.0	36.7	1825	4.2	1.31	1.82
KIYF	S8	ES	61	44.3%	0.92	1771	-49	33:31	12.1	13.1	6.0	6.7	31.1	39.3	1.41	42.3	-	0.41	52.1	0.53	0.0	-204	-	0.64	55.8	33.3	1944	3.5	1.29	1.21
Klik Tech	S8	EUW	9	44.4%	0.89	1831	65	34:11	9.9	11.0	6.4	5.8	44.4	44.4	1.89	49.1	-	0.33	37.5	0.78	-0.3	350	-	0.89	51.9	35.3	2066	4.0	1.08	1.47
Kongdoo Monster	S8	KR	54	25.9%	0.65	1691	-244	37:09	7.4	11.4	3.9	7.9	35.2	38.9	1.24	32.6	-	0.17	23.1	0.41	0.0	-766	-	0.61	28.9	35.0	1648	4.5	1.39	1.76
KSV eSports	S8	KR	47	48.9%	0.73	1787	-76	38:06	7.6	10.4	5.3	6.9	42.6	44.7	1.91	53.0	-	0.34	44.4	0.57	-0.1	-414	-	0.60	36.9	37.3	1823	4.5	1.48	2.26
KT Rolster	S8	KR	124	66.1%	1.23	1846	111	35:57	10.5	8.6	7.3	4.8	62.9	61.3	2.01	57.6	-	0.42	55.9	0.63	0.4	781	-	0.81	61.7	36.2	1846	4.3	1.44	1.86
Kuala Lumpur Hunters	S8	SEA	16	37.5%	0.93	1776	-21	31:34	13.8	14.8	5.7	5.9	50.0	68.8	1.75	61.6	-	0.50	50.0	0.63	0.8	719	-	0.50	46.9	32.3	2004	3.6	1.38	1.33
Legacy eSports	S8	OCE	75	52.0%	0.98	1811	14	33:44	13.1	13.3	6.7	5.9	57.3	61.3	1.87	55.2	-	0.56	60.9	0.64	0.3	265	-	0.97	55.4	33.5	1994	3.5	1.11	1.32
Legatum	S8	LAS	48	31.3%	0.72	1655	-182	33:30	8.5	11.8	4.5	7.7	29.2	39.6	1.25	35.6	-	0.50	51.1	0.29	-0.4	-1002	-	0.67	37.9	32.5	1632	3.6	1.33	1.40
LGD Gaming	S8	CN	93	40.9%	0.90	1792	-72	33:12	12.0	13.4	5.2	6.9	44.1	38.7	1.51	43.3	-	-	-	-	-	-	-	0.60	41.8	34.0	1897	3.6	1.22	1.64
Longzhu Gaming	S8	KR	10	60.0%	1.29	1920	146	37:29	16.0	12.3	6.9	5.3	70.0	60.0	2.10	57.7	-	0.20	33.3	0.60	-0.4	112	-	1.40	78.3	35.6	2240	6.2	1.31	2.68
M19 Team	S8	CIS	37	56.8%	1.15	1758	50	35:53	11.9	10.4	6.3	6.0	64.9	48.6	2.16	55.7	-	0.68	69.4	0.70	0.1	446	-	0.78	51.0	33.3	1877	3.4	1.11	1.38
Machi E-Sports	S8	TW	78	44.9%	0.86	1747	-44	36:43	9.4	10.9	5.6	6.3	38.5	44.9	1.86	47.0	-	0.32	41.7	0.47	-0.2	-262	-	0.71	43.9	34.7	1821	3.6	1.11	1.73
MAD Lions E.C.	S8	EUW	92	70.7%	1.32	1891	211	31:31	12.5	9.5	7.7	4.0	50.0	59.8	2.09	65.2	-	0.51	61.8	0.72	0.6	1301	-	0.67	67.1	35.5	1921	3.5	1.27	1.38
MAD Team	S8	TW	89	47.2%	1.07	1749	-17	35:31	10.3	9.6	5.6	6.4	58.4	48.3	1.75	49.4	-	0.36	41.6	0.54	-0.1	83	-	0.79	51.7	33.8	1799	4.1	1.41	1.57
Majestic Lions	S8	CZ	28	50.0%	1.16	1789	4	33:05	15.5	13.4	6.0	6.0	46.4	50.0	2.00	56.8	-	0.46	50.0	0.61	-0.3	135	-	0.75	50.7	31.5	2002	3.0	1.01	1.07
Mammoth eSports	S8	OCE	24	37.5%	0.90	1779	-63	33:20	12.5	13.9	5.2	7.2	41.7	37.5	1.08	38.8	-	0.17	17.4	0.22	-1.0	-1012	-	0.67	50.0	33.3	1826	3.2	1.11	1.20
MEGA	S8	SEA	14	57.1%	1.11	1799	48	33:15	14.1	12.6	6.6	6.0	28.6	42.9	1.71	42.9	-	0.43	42.9	0.43	0.0	-316	-	0.64	48.8	33.1	1791	2.9	1.13	1.21
Millenium	S8	EUW	21	66.7%	1.32	1891	153	34:17	14.4	11.0	7.9	5.3	47.6	66.7	1.71	52.1	-	0.19	30.8	0.48	0.0	-137	-	1.00	66.7	33.1	2058	4.2	1.29	1.71
Misfits	S8	EUW	52	50.0%	1.10	1781	28	34:56	11.2	10.2	6.3	6.3	59.6	61.5	1.67	48.1	-	0.65	65.4	0.52	0.5	908	-	0.85	56.6	33.7	1766	4.0	1.63	1.55
Misfits Academy	S8	EUW	8	25.0%	0.76	1664	-227	33:16	11.8	15.4	5.1	8.4	62.5	37.5	1.50	40.0	-	0.50	50.0	0.63	0.6	113	-	0.50	29.2	30.9	1985	3.2	1.16	1.13
Mousesports	S8	EUW	7	42.9%	0.72	1741	-3	32:42	8.4	11.7	5.9	6.0	71.4	42.9	1.57	46.4	-	0.43	42.9	0.86	0.1	1062	-	0.71	57.1	35.2	1699	2.9	1.22	1.43
Movistar Riders	S8	ES	76	63.2%	1.32	1835	103	33:17	13.3	10.2	7.0	5.3	50.0	56.6	1.89	60.1	-	0.49	62.7	0.56	0.6	843	-	0.62	62.1	34.1	1921	3.9	1.40	1.42
MVP	S8	KR	107	33.6%	0.74	1731	-137	36:01	7.8	10.6	4.2	7.4	49.5	41.1	1.74	43.0	-	0.36	44.8	0.63	-0.4	-253	-	0.60	33.6	35.2	1792	3.9	1.19	1.71
Ninjas In Pyjamas	S8	EUW	27	55.6%	0.97	1817	51	31:38	11.4	11.8	6.4	5.4	37.0	55.6	1.44	48.1	-	0.52	56.0	0.63	0.3	556	-	0.70	53.1	34.7	1813	3.3	1.31	1.26
OMG	S8	CN	88	31.8%	0.81	1738	-150	34:05	10.9	13.5	4.8	7.1	39.8	31.8	1.45	40.2	-	-	-	-	-	-	-	0.48	33.1	33.9	1690	3.6	1.08	1.54
OpTic Gaming	S8	NA	36	38.9%	0.82	1715	-109	39:12	8.5	10.4	5.8	7.3	47.2	36.1	1.64	39.4	-	0.39	43.8	0.25	-0.2	-674	-	0.92	46.0	33.8	1761	3.9	1.27	1.64
OpTic Gaming Academy	S8	NA	36	33.3%	0.80	1741	-106	33:47	10.0	12.6	5.0	7.3	47.2	50.0	1.31	39.5	-	0.50	52.9	0.47	0.1	-78	-	0.50	36.3	33.6	1752	3.7	1.15	1.28
Order	S8	OCE	57	59.6%	1.18	1858	82	33:30	14.2	12.0	6.8	5.1	52.6	52.6	1.88	55.6	-	0.53	56.6	0.57	0.3	133	-	0.74	55.6	34.2	2126	3.7	1.23	1.34
Origen	S8	EUW	14	78.6%	1.69	1863	145	36:01	14.3	8.4	7.5	5.6	35.7	50.0	2.43	63.9	-	0.36	41.7	0.79	0.2	700	-	1.14	67.9	34.5	2149	4.4	1.18	1.68
Outplayed	S8	EUW	5	60.0%	1.74	1713	-60	36:22	12.2	7.0	7.2	6.0	60.0	20.0	1.00	25.0	-	0.40	50.0	0.40	-0.6	-1819	-	0.80	46.7	31.4	1727	3.3	1.16	1.15
paiN Gaming	S8	BR	19	36.8%	0.90	1736	-89	38:13	9.0	9.9	5.6	7.3	47.4	63.2	1.47	46.8	-	0.37	38.9	0.32	0.2	-152	-	1.05	50.9	34.0	1896	4.1	1.20	1.64
Panathinaikos AC	S8	EUW	6	50.0%	1.19	1841	116	28:41	12.3	10.3	5.5	5.0	16.7	50.0	1.00	36.1	-	0.67	66.7	0.33	0.2	991	-	0.67	60.0	33.7	1761	3.0	1.08	1.19
Penguins	S8	ES	61	37.7%	0.79	1728	-135	33:05	10.7	13.5	5.3	7.5	42.6	41.0	1.79	46.7	-	0.33	40.8	0.65	-0.5	-816	-	0.46	29.4	33.6	1725	3.6	1.19	1.44
Pentagram	S8	JP	65	53.8%	1.03	1784	55	35:07	10.6	10.3	6.4	5.4	50.8	58.5	2.09	57.7	-	0.43	50.9	0.66	0.1	648	-	0.60	46.6	34.0	1926	3.4	1.12	1.44
Phong Vu Buffalo	S8	VN	44	70.5%	1.41	1942	226	32:28	16.6	11.8	7.7	4.1	68.2	72.7	2.50	70.0	-	0.70	72.1	1.02	1.3	2174	-	0.89	62.6	35.1	2178	3.6	1.64	1.45
Pixel eSports Club	S8	LAN	14	35.7%	0.80	1715	-133	33:08	10.1	12.6	5.0	7.4	42.9	57.1	1.57	35.6	-	0.57	57.1	0.57	0.1	-430	-	0.50	33.3	32.3	1606	2.8	1.09	1.18
Predators eSports	S8	LAN	35	57.1%	0.92	1764	-3	34:54	10.1	11.1	6.4	6.0	45.7	51.4	1.80	48.2	-	0.49	51.5	0.71	0.0	-10	-	0.97	58.1	33.3	1726	3.7	1.32	1.32
ProGaming eSports	S8	BR	41	43.9%	1.01	1764	-24	37:33	12.4	12.2	6.3	6.9	58.5	48.8	1.88	44.8	-	0.44	51.4	0.46	0.1	591	-	0.80	46.7	32.9	1952	4.5	1.73	1.55
Rainbow7	S8	LAN	50	68.0%	1.65	1863	182	36:14	14.4	8.7	7.5	4.9	58.0	48.0	2.18	61.7	-	0.54	60.0	0.64	0.1	1007	-	0.96	66.1	34.8	2007	3.3	1.11	1.53
Rascal Jester	S8	JP	24	29.2%	0.90	1697	-180	36:32	11.7	13.0	4.6	8.0	50.0	37.5	1.29	39.7	-	0.17	21.1	0.38	-0.5	-962	-	0.75	40.9	33.1	1781	3.6	1.08	1.46
Rebirth eSports	S8	LAS	66	66.7%	1.10	1798	91	34:03	11.0	10.1	7.2	5.2	45.5	53.0	2.14	65.4	-	0.41	42.9	0.77	0.1	108	-	0.80	60.8	33.5	1866	3.7	1.41	1.41
Red Canids	S8	BR	37	51.4%	1.19	1794	15	36:50	12.3	10.3	6.1	6.9	43.2	43.2	1.81	50.6	-	0.46	51.5	0.49	-0.2	230	-	0.81	43.0	34.6	1931	3.4	1.19	1.48
Resurgence	S8	SEA	10	40.0%	0.63	1689	-184	33:47	11.1	17.6	5.3	7.3	70.0	30.0	1.80	45.7	-	0.70	70.0	0.70	-0.3	-1402	-	0.90	51.7	31.1	1722	3.2	1.25	1.14
Roccat	S8	EUW	39	38.5%	0.91	1751	-52	37:32	9.7	10.7	5.8	7.0	59.0	53.8	1.31	39.7	-	0.41	44.4	0.31	0.2	-145	-	0.69	36.5	34.7	1765	4.2	1.52	1.53
Rogue Warriors	S8	CN	115	61.7%	1.05	1877	88	32:11	12.5	11.9	6.5	5.0	42.6	54.8	1.93	57.8	-	-	-	-	-	-	-	0.80	61.4	35.4	1926	3.9	1.21	1.58
RoX	S8	CIS	41	56.1%	1.06	1799	60	33:56	11.8	11.1	6.2	5.4	43.9	58.5	1.56	52.4	-	0.37	41.7	0.44	0.0	-142	-	0.68	53.4	34.1	2021	3.3	1.16	1.33
ROX Tigers	S8	KR	50	50.0%	0.93	1821	1	37:35	9.7	10.4	6.5	5.8	52.0	66.0	1.86	50.4	-	0.52	66.7	0.54	0.3	195	-	0.82	51.1	35.7	1854	4.8	1.12	1.89
Royal Bandits	S8	TR	76	73.7%	1.58	1900	241	31:01	14.3	9.1	7.6	3.9	53.9	64.5	1.92	65.2	-	0.50	55.1	0.70	0.8	1384	-	0.78	70.0	34.2	1992	3.6	1.12	1.38
Royal Never Give Up	S8	CN	154	65.6%	1.34	1865	123	34:20	12.8	9.5	7.2	5.0	48.7	59.7	2.05	60.2	-	0.09	51.9	0.60	0.6	617	-	0.75	60.3	35.1	1855	3.7	1.30	1.64
Samsung Galaxy	S8	KR	5	60.0%	0.98	1874	156	31:24	9.0	9.2	7.8	4.2	-	100.0	1.20	56.7	-	0.60	75.0	0.80	2.0	1979	-	0.80	60.0	35.1	2064	5.2	1.38	2.36
SCARZ Burning Core	S8	JP	27	40.7%	0.84	1704	-69	35:05	12.1	14.3	5.8	6.3	48.1	59.3	2.26	61.2	-	0.48	54.2	0.81	0.0	-223	-	0.59	43.2	31.3	1950	3.3	1.42	1.20
Sin Gaming	S8	OCE	24	25.0%	0.64	1712	-235	32:44	9.5	14.8	4.2	8.0	58.3	33.3	0.96	30.6	-	0.17	20.0	0.33	-0.8	-1449	-	0.67	31.2	33.9	1689	4.1	0.97	1.27
SK Telecom T1	S8	KR	111	46.8%	0.97	1803	4	36:54	9.3	9.6	5.9	6.1	42.3	36.0	2.17	54.6	-	0.36	44.9	0.69	-0.2	-519	-	0.79	49.4	36.1	1801	4.3	1.36	1.86
Snake Esports	S8	CN	96	47.9%	0.94	1812	-17	34:59	10.5	11.1	5.7	6.4	47.9	32.3	1.68	46.7	-	-	-	-	-	0	-	0.71	48.9	35.8	1793	4.5	1.35	1.65
Solary	S8	EUW	10	30.0%	0.77	1786	-203	31:50	16.0	20.6	4.8	8.3	30.0	30.0	1.70	46.7	-	0.20	25.0	0.50	-1.2	-1716	-	0.30	27.8	30.9	2093	3.2	0.57	1.48
SPG eSports	S8	EUW	5	20.0%	0.52	1581	-368	33:30	6.4	12.4	2.4	9.4	40.0	20.0	1.40	30.0	-	0.00	0.0	0.40	-0.6	-1363	-	0.20	10.0	33.7	1819	3.1	0.98	1.39
Splyce	S8	EUW	68	51.5%	1.13	1751	-31	36:56	10.4	9.2	6.1	6.9	64.7	44.1	1.90	49.2	-	0.26	28.1	0.68	-0.4	-451	-	0.78	49.1	33.8	1758	3.8	1.43	1.62
Suning Gaming	S8	CN	99	53.5%	1.24	1848	64	35:09	13.0	10.4	6.4	5.6	58.6	57.6	1.77	51.9	-	-	-	-	-	-	-	0.68	54.0	35.3	1797	3.8	1.26	1.61
Szata Maga+6	S8	EUW	9	66.7%	1.48	1753	-8	37:50	14.3	9.7	7.1	6.9	66.7	22.2	1.67	33.8	-	0.67	66.7	0.33	-1.0	-1609	-	1.00	56.3	32.5	2006	3.3	1.32	1.29
Team Afro	S8	TW	68	30.9%	0.73	1670	-204	37:17	9.4	12.9	4.3	7.8	52.9	38.2	1.46	36.4	-	0.31	42.0	0.44	-0.2	-682	-	0.60	33.3	33.4	1842	4.0	1.33	1.52
Team Anything	S8	SEA	6	16.7%	0.87	1717	-312	32:36	19.8	22.8	3.5	10.5	66.7	33.3	1.00	27.8	-	0.17	16.7	0.33	-0.7	-1283	-	0.00	0.0	29.9	2164	2.7	1.00	0.91
Team Atlantis	S8	EUW	8	25.0%	0.66	1643	-231	38:33	11.0	16.5	5.5	8.3	25.0	25.0	2.13	51.2	-	0.38	50.0	0.63	-0.4	-1027	-	0.75	27.1	31.1	2068	3.6	1.13	1.38
Team Aurora	S8	TR	67	34.3%	0.79	1743	-109	33:51	11.5	14.6	5.4	6.8	53.7	37.3	1.42	38.5	-	0.52	54.7	0.51	-0.4	-655	-	0.60	40.5	33.1	1920	3.4	1.11	1.36
Team Battlecomics	S8	KR	12	58.3%	0.76	1816	-10	34:42	9.7	12.6	6.9	5.4	66.7	75.0	2.50	62.8	-	0.33	36.4	0.75	0.5	259	-	0.83	58.3	35.2	1672	4.2	1.41	1.81
Team Furca	S8	CZ	10	40.0%	0.75	1778	-89	30:16	16.3	21.6	5.2	6.0	10.0	60.0	1.00	35.0	-	0.30	30.0	0.30	-0.1	-564	-	0.50	35.0	30.7	2082	2.3	0.78	1.10
Team Just Alpha	S8	CIS	42	52.4%	1.14	1803	55	36:02	14.4	12.7	6.8	5.7	59.5	71.4	2.17	54.1	-	0.57	58.5	0.74	0.5	965	-	0.95	56.3	33.1	2042	3.9	1.40	1.44
Team LDLC	S8	EUW	18	55.6%	1.12	1841	75	33:54	11.9	10.7	6.4	5.6	55.6	44.4	1.56	53.7	-	0.56	83.3	0.56	0.7	1369	-	0.78	58.3	33.9	1976	4.8	1.12	1.63
Team Liquid	S8	NA	76	63.2%	1.18	1840	102	33:11	10.8	9.1	6.8	5.0	51.3	48.7	2.42	64.3	-	0.49	52.9	0.82	0.0	331	-	0.74	59.8	35.7	1801	3.9	1.32	1.52
Team Liquid Academy	S8	NA	45	62.2%	1.20	1864	115	32:18	13.3	11.0	6.9	4.8	55.6	46.7	1.93	56.8	-	0.49	53.7	0.75	0.2	293	-	0.80	59.3	34.5	1889	3.5	1.23	1.33
Team Mineski	S8	SEA	10	50.0%	1.08	1894	102	31:39	17.6	16.2	6.9	6.2	70.0	70.0	1.30	41.8	-	0.40	40.0	0.30	0.3	1254	-	0.90	66.7	32.1	2312	2.7	0.89	1.20
Team oNe eSports	S8	BR	15	26.7%	0.54	1716	-186	36:12	8.1	14.9	4.5	8.3	33.3	40.0	2.00	52.9	-	0.27	30.8	0.60	-0.3	-705	-	0.47	22.2	34.0	1919	4.2	1.34	1.48
Team SoloMid	S8	NA	65	55.4%	1.17	1827	86	36:05	11.0	9.4	7.2	5.7	55.4	43.1	2.29	57.8	-	0.55	57.1	0.66	-0.2	280	-	0.91	59.1	35.4	1930	3.7	1.23	1.28
Team Vitality	S8	EUW	66	56.1%	0.98	1806	40	34:24	11.4	11.6	6.8	5.8	45.5	63.6	1.98	62.6	-	0.53	56.5	0.67	0.5	703	-	0.85	52.1	34.0	1872	3.8	1.21	1.49
Team WE	S8	CN	99	44.4%	0.96	1792	-19	35:40	10.8	11.2	5.7	6.5	50.5	49.5	1.83	48.8	-	-	-	-	-	-	-	0.80	49.0	34.7	1822	3.9	1.15	1.65
Tectonic	S8	OCE	44	18.2%	0.55	1670	-301	33:39	9.2	16.7	3.6	8.9	34.1	31.8	0.82	22.6	-	0.41	43.9	0.27	-0.4	-1099	-	0.36	18.0	32.5	1833	3.3	1.09	1.17
Topsports Gaming	S8	CN	99	37.4%	0.81	1761	-114	34:46	10.7	13.2	5.4	6.9	49.5	48.5	1.63	42.9	-	-	-	-	-	0	-	0.58	36.7	34.2	1755	3.8	1.14	1.57
TSM Academy	S8	NA	36	41.7%	0.82	1727	-81	36:40	9.1	11.1	5.5	7.1	61.1	33.3	2.06	55.8	-	0.50	60.0	0.58	-0.5	-483	-	0.81	42.2	33.8	1810	3.3	1.05	1.26
Turing eSports	S8	EUW	3	33.3%	0.67	1692	-212	35:23	8.7	13.0	5.0	8.3	33.3	33.3	1.67	38.3	-	0.00	0.0	0.67	-1.0	-1216	-	0.33	33.3	33.7	1735	3.0	1.13	1.19
Ultimate	S8	VN	40	57.5%	1.07	1877	45	32:29	12.5	11.7	7.0	5.1	60.0	65.0	1.43	47.8	-	0.45	60.0	0.45	0.5	622	-	0.73	50.8	35.2	1963	4.2	0.95	1.54
Unicorns Of Love	S8	EUW	36	36.1%	0.78	1729	-121	35:04	9.8	12.5	5.4	7.2	44.4	47.2	1.44	46.9	-	0.33	36.4	0.25	-0.3	-843	-	0.78	42.8	33.8	1794	3.8	1.14	1.41
Universidad Catolica	S8	LAS	21	23.8%	0.68	1667	-214	35:00	8.6	12.7	4.1	8.3	42.9	42.9	1.24	33.3	-	0.29	33.3	0.24	-0.5	-995	-	0.57	28.2	33.3	1695	4.2	1.31	1.62
Unsold Stuff Gaming	S8	JP	64	50.0%	0.97	1774	13	34:54	10.7	11.0	5.7	6.2	43.8	40.6	1.66	49.0	-	0.42	48.2	0.51	-0.1	-196	-	0.72	49.6	34.1	1823	3.9	1.28	1.46
V3 Esports	S8	JP	50	38.0%	0.74	1692	-146	34:58	10.2	13.8	5.2	7.1	44.0	46.0	1.48	39.7	-	0.48	49.0	0.42	-0.2	-881	-	0.74	39.5	32.1	1930	3.4	1.23	1.36
Vaevictis eSports	S8	CIS	28	14.3%	0.65	1617	-272	34:46	9.4	14.5	3.7	8.4	57.1	42.9	1.43	35.3	-	0.18	20.8	0.39	-0.4	-780	-	0.50	25.9	31.6	1823	3.6	1.17	1.30
Vega Squadron	S8	CIS	28	42.9%	0.85	1740	-44	35:02	11.5	13.4	5.5	6.6	46.4	50.0	1.36	45.5	-	0.36	40.0	0.57	0.2	-89	-	0.64	47.0	32.6	1955	3.4	1.19	1.46
Vici Gaming	S8	CN	89	21.3%	0.60	1688	-251	33:44	9.1	15.2	4.0	8.2	37.1	23.6	1.22	33.2	-	-	-	-	-	-	-	0.45	24.7	33.5	1763	3.6	1.16	1.51
Vikings Gaming	S8	VN	34	14.7%	0.61	1640	-418	29:57	11.6	18.8	2.4	8.7	32.4	5.9	0.88	31.2	-	0.15	15.2	0.38	-1.7	-3071	-	0.32	19.3	31.4	1682	2.9	1.17	1.10
Vivo Keyd	S8	BR	58	56.9%	1.25	1835	99	33:42	14.4	11.5	6.8	5.3	62.1	50.0	1.64	54.4	-	0.55	59.3	0.43	-0.1	268	-	0.93	64.4	33.5	1920	3.8	1.40	1.30
Vodafone Giants Gaming	S8	EUW	76	60.5%	1.29	1845	117	32:14	13.7	10.6	7.1	5.3	48.7	39.5	1.93	59.3	-	0.42	51.6	0.66	0.3	559	-	0.66	62.2	33.6	1998	3.2	1.10	1.24
Wind And Rain	S8	EUW	3	0.0%	0.41	1617	-321	33:28	7.0	17.0	3.0	9.7	33.3	33.3	1.00	26.1	-	0.33	33.3	0.67	-0.7	-2494	-	0.33	16.7	32.3	1651	3.7	1.72	1.36
XD Prinfor	S8	PT	12	16.7%	0.51	1583	-344	28:49	7.0	13.8	2.5	8.7	41.7	41.7	0.42	13.2	-	0.08	8.3	0.25	-1.3	-1770	-	0.08	11.1	31.1	1415	3.1	1.12	0.98
yng Sharks	S8	PT	12	50.0%	1.01	1779	33	31:11	12.2	12.1	6.1	5.5	50.0	50.0	1.92	61.9	-	0.42	45.5	0.67	-0.2	-214	-	0.83	55.6	31.8	1876	2.7	0.96	1.23
Young Generation	S8	VN	39	53.8%	1.04	1892	39	34:29	13.8	13.1	6.5	6.8	56.4	56.4	1.56	48.0	-	0.38	48.4	0.54	0.2	591	-	0.77	54.2	35.6	2156	4.8	1.36	1.85
YouthCrew Esports	S8	TR	70	41.4%	0.87	1774	-59	32:59	11.6	13.3	5.6	6.6	47.1	41.4	1.80	50.5	-	0.49	52.3	0.70	-0.1	-578	-	0.59	38.7	34.2	1778	3.5	1.11	1.47
Zaga Talent Gaming	S8	LAN	27	14.8%	0.55	1611	-334	33:14	7.7	14.0	3.1	9.1	33.3	3.7	1.22	31.4	-	0.22	22.2	0.30	-1.0	-2073	-	0.52	28.2	32.0	1579	3.5	1.02	1.17
