Name	Season	Region	Games	Win rate	K:D	GPM	GDM	Game duration	Kills / game	Deaths / game	Towers killed	Towers lost	FB%	FT%	DRAPG	DRA%	VGPG	HERPG	HER%	DRA@15	TD@15	GD@15	PPG	NASHPG	NASH%	CSM	DPM	WPM	VWPM	WCPM
100 Thieves	S12	NA	76	56.6%	1.15	1788	23	32:23	12.5	10.9	6.2	5.5	47.4	42.1	2.39	52.4	-	1.05	53.3	0.82	0.0	162	4.05	0.76	57.4	32.5	1931	3.4	1.32	1.52
100 Thieves Academy	S12	NA	117	58.1%	1.13	1859	60	32:23	15.2	13.5	6.9	5.7	49.6	48.7	2.10	45.8	-	0.91	47.4	0.65	0.0	573	4.49	0.74	50.4	33.1	2185	2.8	0.96	1.26
100 Thieves Next	S12	NA	13	38.5%	0.89	1769	-53	30:18	12.0	13.5	5.2	6.5	69.2	46.2	1.77	45.3	-	0.54	26.9	0.54	0.1	-197	4.00	0.54	50.0	31.6	1941	3.0	1.03	1.27
5 Ronin	S12	TR	42	31.0%	0.67	1689	-235	29:15	10.4	15.6	3.9	7.7	35.7	33.3	1.69	39.2	-	0.76	38.1	0.90	-0.6	-1741	3.67	0.36	28.3	31.0	1787	3.0	1.21	1.27
5 Ronin Academy	S12	TR	34	17.6%	0.60	1681	-270	30:03	10.9	18.2	3.5	8.1	55.9	32.4	1.62	36.8	-	0.65	33.8	0.71	-0.4	-1345	3.18	0.44	28.4	30.9	1762	2.4	0.92	1.08
AGO ROGUE	S12	PL	67	71.6%	1.59	1938	224	31:58	19.2	11.9	7.8	4.6	49.3	50.7	2.39	53.4	-	1.13	60.4	0.70	0.0	1141	5.09	0.75	60.2	33.3	2355	2.9	0.98	1.23
All Knights	S12	LAT	33	30.3%	0.79	1777	-72	33:45	12.2	15.3	5.2	7.4	42.4	63.6	2.30	49.5	-	0.79	39.4	0.91	-0.1	-224	3.70	0.61	36.4	33.2	1888	3.3	1.28	1.46
aNc Outplayed	S12	IT	50	56.0%	1.03	1822	50	32:05	14.9	14.5	6.6	5.8	46.0	58.0	2.40	53.0	-	0.86	44.0	0.84	0.0	277	4.76	0.78	57.3	31.4	2281	2.9	1.12	1.36
Anorthosis Famagusta Esports	S12	GR	53	64.2%	1.17	1892	111	30:30	17.0	14.5	6.9	5.2	56.6	52.8	2.45	53.5	-	1.25	64.2	0.98	-0.1	-39	5.21	0.85	61.6	31.4	2273	3.0	1.09	1.28
Anyone s Legend	S12	CN	81	40.7%	0.92	1765	-94	31:29	12.8	13.9	4.9	6.8	60.5	33.3	2.15	48.9	-	-	-	-	-	0	-	0.67	48.5	32.2	1901	-	-	-
AOE Esports	S12	NA	6	33.3%	0.91	1767	-130	29:59	15.3	16.7	4.5	7.3	83.3	33.3	2.17	52.8	-	0.33	16.7	0.83	-0.8	-1118	5.00	0.50	46.7	31.0	2186	2.6	0.73	1.09
Area of Effect Ginger Turmeric	S12	NA	13	53.8%	0.84	1803	-13	29:59	11.7	14.0	5.5	6.4	53.8	38.5	2.69	63.1	-	0.46	23.1	1.46	-0.2	-263	4.92	0.85	61.5	31.7	2052	2.7	0.70	1.11
AS Esports	S12	VN	30	20.0%	0.67	1768	-267	28:43	12.5	18.4	3.2	8.7	53.3	23.3	1.27	31.0	-	0.83	41.7	0.57	-1.0	-2167	3.90	0.30	23.3	31.8	2068	3.1	1.34	1.31
Astralis	S12	EUW	36	27.8%	0.83	1731	-122	34:36	11.9	14.3	4.9	8.0	52.8	33.3	2.03	42.2	-	0.67	33.3	0.67	-0.4	-859	3.56	0.67	38.0	31.8	1962	3.5	1.35	1.44
Astralis Talent	S12	EUW	43	44.2%	1.02	1748	-31	34:06	14.7	14.4	6.0	6.0	51.2	62.8	2.40	48.3	-	1.07	53.5	0.77	0.2	30	4.21	0.67	49.6	30.6	2160	2.8	1.08	1.43
Atleta Esport	S12	IT	47	55.3%	1.12	1823	48	32:50	16.1	14.3	6.6	5.6	44.7	57.4	2.62	54.9	-	1.11	56.4	0.83	0.2	393	5.43	0.79	60.0	31.7	2128	2.9	1.09	1.37
Atletec	S12	FR	43	48.8%	1.00	1778	12	34:04	14.3	14.3	6.2	6.3	44.2	37.2	2.37	46.6	-	0.88	44.2	1.00	-0.2	-118	3.91	0.95	56.6	31.3	2156	3.0	1.26	1.34
Auxesis Esports	S12	RS	35	40.0%	0.90	1759	-70	32:06	14.5	16.1	5.7	6.9	34.3	51.4	2.14	44.4	-	1.37	70.0	0.97	0.2	43	5.06	0.54	40.4	30.5	2066	2.7	0.94	1.11
AXIZ	S12	JP	42	23.8%	0.48	1646	-293	31:28	8.1	17.1	3.6	8.2	31.0	35.7	1.67	32.5	-	1.00	50.0	0.74	-0.3	-2200	3.81	0.33	18.8	31.0	1622	3.5	1.49	1.42
Axolotl	S12	IT	28	46.4%	1.13	1792	-12	31:02	14.8	13.1	5.7	6.3	53.6	50.0	2.36	51.8	-	0.75	39.3	0.86	-0.2	190	4.36	0.64	48.0	31.5	2060	3.0	1.16	1.18
AYM Esports	S12	ES	18	38.9%	0.89	1780	-32	32:10	14.2	16.0	5.7	6.3	44.4	61.1	2.39	48.6	-	0.83	44.4	1.06	0.2	268	4.22	0.72	50.0	31.0	2241	2.7	1.00	1.21
Barça eSports	S12	ES	56	55.4%	1.05	1821	53	32:05	13.9	13.2	6.8	5.7	53.6	58.9	2.11	45.4	-	0.88	44.6	0.75	0.0	1	4.14	0.75	50.2	32.5	2035	3.0	1.18	1.42
beGenius ESC	S12	FR	36	16.7%	0.63	1650	-230	31:28	9.9	15.6	3.8	8.1	52.8	41.7	1.67	34.5	-	0.78	38.9	0.69	-0.2	-1346	3.17	0.36	23.3	30.4	1854	3.3	1.27	1.28
Berlin International Gaming	S12	DE	51	54.9%	1.05	1795	-10	31:48	14.2	13.5	6.1	6.0	35.3	39.2	2.35	51.9	-	0.76	39.2	0.94	-0.2	-333	4.16	0.55	46.7	32.0	2027	2.9	1.16	1.44
Besiktas Academy	S12	TR	45	60.0%	1.19	1802	79	31:38	13.9	11.7	6.5	5.3	42.2	57.8	2.36	51.8	-	1.00	50.0	0.93	0.1	652	3.84	0.93	65.5	31.8	1836	3.1	1.24	1.30
Besiktas Esports	S12	TR	36	36.1%	0.84	1734	-115	30:24	12.1	14.4	4.5	7.0	50.0	36.1	1.92	43.5	-	0.97	48.6	0.78	-0.3	-568	3.47	0.44	36.8	31.6	1799	3.1	1.26	1.35
Beyond Gaming	S12	PCS	72	55.6%	1.12	1790	36	31:39	13.7	12.2	6.0	5.4	58.3	63.9	2.32	54.0	-	1.07	54.9	0.85	0.3	538	4.46	0.58	48.9	31.7	1976	3.3	1.47	1.43
Bifrost	S12	EUW	68	60.3%	1.14	1809	30	32:45	15.5	13.5	6.5	5.7	30.9	54.4	2.31	48.1	-	0.99	50.0	0.74	0.3	141	5.03	0.68	46.7	31.4	2081	3.1	1.24	1.31
Bilibili Gaming	S12	CN	102	50.0%	1.02	1814	23	32:23	13.2	12.9	6.3	5.9	52.9	50.0	2.24	50.6	-	-	-	-	-	0	-	0.62	47.1	32.7	2040	-	-	-
Bilibili Live	S12	CN	4	25.0%	0.51	1607	-434	28:32	12.5	24.8	2.5	9.3	25.0	25.0	1.25	32.5	-	-	-	-	-	-	-	0.50	33.3	28.7	1783	-	-	-
BISONS ECLUB	S12	ES	73	52.1%	1.03	1790	-24	32:12	14.3	13.8	5.8	6.2	45.2	43.8	2.34	51.0	-	0.71	37.0	0.59	-0.1	-411	4.15	0.59	49.0	31.9	2138	2.9	1.01	1.32
BK ROG Esports	S12	FR	36	44.4%	0.88	1774	-36	32:51	14.0	16.0	6.7	6.7	55.6	61.1	2.28	47.6	-	1.03	52.8	0.78	0.3	358	5.19	0.72	48.1	30.9	2109	3.1	1.15	1.33
Black Star Gaming	S12	CIS	4	75.0%	1.65	1903	212	30:35	16.5	10.0	7.8	4.3	75.0	100.0	3.25	78.8	-	1.25	62.5	1.25	1.0	2577	7.75	0.75	50.0	32.5	1761	2.9	1.09	1.34
Boavista FC	S12	PT	27	11.1%	0.56	1608	-333	29:55	10.4	18.3	3.4	8.9	59.3	25.9	1.93	42.8	-	0.67	33.3	1.04	-0.6	-1811	3.67	0.15	13.5	28.7	1895	2.8	1.10	1.06
BRO Challengers	S12	KR	78	37.2%	0.75	1754	-127	31:08	12.4	16.5	5.1	6.9	42.3	43.6	1.90	42.8	-	1.05	52.6	0.86	-0.2	-532	4.71	0.49	38.3	31.5	1970	2.9	1.25	1.55
BRUTE	S12	CZ	28	39.3%	0.85	1735	-109	31:10	13.3	15.8	5.3	6.8	35.7	28.6	2.11	44.4	-	0.64	35.7	0.89	-0.6	-1487	3.50	0.54	42.0	30.8	2085	2.7	0.95	1.09
Burning Core	S12	JP	53	41.5%	0.87	1751	-47	33:09	11.5	13.1	5.3	6.4	54.7	45.3	2.11	45.0	-	0.81	42.3	0.51	-0.1	-69	3.51	0.57	42.9	32.6	1933	3.3	1.45	1.69
Burst The Sky Esports	S12	VN	33	36.4%	0.79	1809	-153	28:44	14.2	18.0	4.6	7.3	39.4	36.4	1.55	37.3	-	1.03	51.5	0.73	-0.3	-895	5.12	0.36	33.9	33.0	1933	3.3	1.34	1.42
Case Esports	S12	ES	26	65.4%	1.42	1879	190	31:58	14.4	10.0	7.8	4.9	57.7	76.9	2.62	57.6	-	1.38	72.0	1.20	0.4	1766	6.20	0.88	72.2	32.4	2191	3.3	1.19	1.36
Cerberus Esports	S12	VN	70	50.0%	1.03	1832	-20	31:04	15.1	14.6	6.1	5.9	51.4	54.3	2.17	52.0	-	1.17	58.6	0.86	0.2	289	5.79	0.67	48.3	31.9	2127	3.4	1.52	1.52
Chief Esports Club	S12	OCE	64	79.7%	1.59	1973	277	29:26	17.9	11.2	8.0	3.7	57.8	70.3	2.69	66.7	-	1.31	67.2	1.06	0.8	2469	6.97	0.86	71.7	33.1	2275	3.4	1.30	1.38
Cincinnati Fear	S12	NA	5	20.0%	0.59	1680	-254	34:41	11.4	19.2	4.0	8.6	80.0	20.0	2.60	58.6	-	0.60	30.0	1.20	-0.4	-131	3.60	0.40	20.0	30.8	2131	3.2	0.89	1.36
CLG	S12	NA	58	46.6%	0.84	1754	-66	33:34	11.6	13.8	5.8	6.5	55.2	39.7	2.14	46.3	-	0.83	42.2	0.69	-0.2	-747	4.45	0.78	46.2	32.1	2046	3.1	1.17	1.47
CLG Academy	S12	NA	91	56.0%	1.05	1856	80	32:27	15.0	14.3	7.1	5.7	54.9	69.2	2.23	50.5	-	1.16	58.8	0.80	0.4	873	5.35	0.88	57.2	32.6	2224	2.8	1.09	1.33
CLG Faith	S12	NA	2	0.0%	0.46	1672	-298	30:52	10.5	22.5	2.5	10.0	100.0	50.0	0.00	0.0	-	2.00	100.0	0.00	-1.5	-1781	6.50	0.00	0.0	29.2	1915	2.7	0.76	0.80
Cloud9	S12	NA	78	57.7%	1.08	1830	74	32:27	12.9	11.9	6.3	5.4	51.3	56.4	2.54	57.0	-	0.97	49.4	0.92	-0.1	296	4.29	0.71	55.0	33.8	2025	3.0	0.90	1.45
Cloud9 Academy	S12	NA	97	58.8%	1.18	1854	66	30:57	15.1	12.8	6.6	5.3	48.5	41.2	2.39	53.7	-	0.78	41.2	0.94	-0.2	77	4.95	0.65	54.4	33.0	2114	2.8	0.78	1.19
Crest Gaming Act	S12	JP	50	40.0%	0.81	1750	-86	32:07	11.5	14.2	5.0	6.8	38.0	46.0	2.54	52.7	-	1.18	60.2	1.12	0.0	-244	3.70	0.48	36.3	32.5	1818	3.1	1.41	1.37
CrowCrowd	S12	CIS	4	25.0%	0.75	1598	-274	30:44	9.8	13.0	2.0	7.3	-	25.0	1.50	27.9	-	0.50	25.0	0.25	-0.8	-2978	2.50	0.00	0.0	30.8	1428	2.8	1.20	1.00
Crvena zvezda Esports	S12	RS	56	60.7%	1.11	1846	88	30:48	16.1	14.4	6.0	5.4	57.1	50.0	2.36	55.5	-	0.93	46.4	1.00	0.1	595	4.96	0.73	58.8	31.8	2196	2.7	0.90	1.08
Cryptova	S12	CZ	28	42.9%	0.92	1735	-107	31:05	14.9	16.3	5.2	6.9	67.9	39.3	2.11	45.8	-	0.79	39.3	0.64	-0.3	-989	3.50	0.50	40.7	29.6	2204	2.9	1.07	1.13
CTBC Flying Oyster	S12	PCS	75	68.0%	1.32	1884	199	30:44	13.2	9.9	7.5	4.1	54.7	66.7	2.67	61.7	-	1.12	56.7	1.17	0.5	1680	5.91	0.79	66.7	33.3	2027	3.3	1.31	1.48
CTRL PLAY	S12	CIS	4	0.0%	0.30	1534	-444	27:50	5.0	16.8	2.0	10.0	50.0	50.0	0.00	0.0	-	1.00	50.0	0.00	-0.3	-2672	4.75	0.00	0.0	29.0	1354	2.1	0.99	1.19
Cyber Wolves	S12	RS	28	42.9%	0.99	1737	-23	31:48	13.1	13.2	5.8	6.1	53.6	57.1	2.07	43.7	-	1.04	51.8	0.54	0.1	321	4.57	0.50	38.9	30.4	1967	2.8	1.09	1.17
Cyberground Gaming	S12	IT	35	48.6%	1.04	1777	-27	33:47	14.6	14.1	6.0	6.5	60.0	40.0	2.03	42.3	-	1.17	60.0	0.71	-0.1	-72	4.40	0.60	43.6	31.6	2223	3.1	1.12	1.33
Dark Passage	S12	TR	50	56.0%	1.08	1795	10	32:04	14.1	13.0	6.1	5.9	40.0	50.0	2.62	55.9	-	1.02	51.0	0.94	0.1	-151	4.44	0.72	49.3	31.5	1867	2.7	1.06	1.34
Dark Passage Academy	S12	TR	45	60.0%	1.17	1821	91	32:19	14.6	12.4	6.8	5.1	48.9	53.3	2.78	58.6	-	0.96	48.9	1.02	0.1	393	4.47	0.87	60.6	32.0	1989	2.6	0.93	1.20
Dark Tigers	S12	CZ	28	21.4%	0.53	1676	-273	29:17	10.1	19.1	3.7	8.1	42.9	32.1	1.46	34.3	-	0.75	39.3	0.86	-0.5	-1586	3.96	0.32	28.8	30.9	1769	2.6	0.96	0.96
Deep Cross Gaming	S12	PCS	62	61.3%	1.20	1830	112	31:46	14.2	11.8	6.6	5.0	62.9	58.1	2.55	57.8	-	1.13	57.3	0.90	0.3	1071	5.31	0.79	56.4	31.5	1998	3.2	1.22	1.55
Detonation FocusMe	S12	JP	77	75.3%	1.74	1932	257	29:51	16.8	9.6	7.6	3.6	63.6	75.3	2.18	58.2	-	1.19	59.7	0.66	0.5	2278	5.81	0.78	69.5	33.1	2202	3.1	1.31	1.55
devils.one	S12	PL	36	22.2%	0.63	1658	-226	31:50	10.7	17.0	4.2	8.2	50.0	38.9	2.28	48.3	-	1.06	52.8	1.08	-0.3	-1078	4.11	0.50	32.9	29.5	1841	2.8	0.98	1.09
Dewish Team	S12	PCS	36	11.1%	0.40	1596	-404	27:42	7.1	17.8	2.7	8.6	33.3	16.7	1.06	23.7	-	0.61	31.4	0.60	-1.1	-2972	3.43	0.17	16.7	30.5	1674	2.9	1.21	1.31
Diamant Esports	S12	RS	36	52.8%	1.07	1748	-25	33:01	15.7	14.6	5.8	5.9	47.2	44.4	2.56	51.4	-	0.86	44.4	1.06	-0.1	-853	3.92	0.86	62.0	29.5	2141	2.7	0.91	1.14
Dignitas	S12	NA	46	32.6%	0.85	1717	-121	33:37	9.7	11.5	4.7	7.5	39.1	45.7	2.37	49.4	-	0.70	34.8	0.96	-0.1	-619	3.39	0.54	39.0	32.8	1687	3.2	1.26	1.61
Dignitas Academy	S12	NA	95	55.8%	1.08	1794	4	32:26	14.8	13.7	6.5	5.9	51.6	51.6	2.47	52.6	-	1.08	54.7	0.92	0.1	-192	4.25	0.87	57.1	31.0	2201	2.9	1.16	1.30
Dire Wolves	S12	OCE	49	44.9%	0.99	1787	-45	30:47	15.1	15.1	5.8	6.4	59.2	49.0	2.10	45.3	-	1.00	50.0	0.80	-0.1	-118	4.90	0.65	46.4	30.6	1985	3.1	1.21	1.22
DK Challengers	S12	KR	100	61.0%	1.16	1871	86	31:39	14.1	12.1	6.8	5.2	50.0	61.0	2.24	50.4	-	0.89	45.5	0.78	0.3	391	4.84	0.80	62.6	34.0	1969	3.3	1.44	1.59
DK Crew	S12	NA	2	0.0%	0.49	1614	-413	30:47	13.0	26.5	1.5	8.5	50.0	50.0	2.00	50.0	-	0.00	0.0	0.50	-0.5	-1875	2.00	0.00	0.0	29.0	2072	3.2	1.11	1.28
DKJH	S12	KR	3	33.3%	0.49	1710	-381	30:11	12.0	24.3	4.0	8.7	33.3	66.7	0.67	16.7	-	1.33	66.7	0.00	0.3	-1681	4.33	0.33	16.7	30.4	1739	3.1	1.05	1.50
Dragon Army	S12	CIS	4	25.0%	0.78	1738	-133	30:31	11.3	14.5	4.5	6.3	25.0	-	2.25	43.3	-	0.75	50.0	1.25	-1.0	-1049	4.75	0.25	50.0	33.2	1675	2.9	1.34	1.16
DRX	S12	KR	131	55.0%	1.03	1787	24	34:15	12.0	11.6	6.4	5.6	47.3	54.2	2.27	45.3	-	1.17	59.2	0.66	0.0	83	4.05	0.82	57.9	32.7	2069	3.5	1.52	1.79
DRX Challengers	S12	KR	89	61.8%	1.21	1857	98	32:47	14.8	12.1	6.7	5.0	60.7	50.6	2.84	59.2	-	1.04	52.2	0.96	0.1	451	3.89	0.74	59.2	33.4	2047	3.3	1.36	1.76
Dusty	S12	EUW	66	65.2%	1.32	1856	133	30:52	15.5	11.8	7.1	4.5	51.5	54.5	2.50	56.4	-	1.24	62.1	0.95	0.3	1013	5.32	0.86	71.7	32.0	2147	2.9	1.03	1.31
DWG KIA	S12	KR	117	60.7%	1.26	1803	81	34:16	12.6	10.0	7.0	5.4	50.4	62.4	2.75	55.6	-	1.15	57.7	0.78	0.3	861	5.36	0.81	57.6	32.2	2007	3.6	1.50	1.63
Dynamo Eclot	S12	CZ	45	64.4%	1.20	1826	86	32:31	16.0	13.3	6.9	5.7	44.4	55.6	2.87	59.3	-	0.82	42.2	1.02	0.2	398	4.51	0.76	61.8	31.3	2096	2.9	1.14	1.29
E WIE EINFACH E-SPORTS	S12	DE	36	27.8%	0.78	1703	-192	30:18	12.5	16.1	4.4	7.8	58.3	27.8	2.00	43.6	-	0.89	45.8	1.11	-0.3	-1502	3.31	0.36	29.3	29.7	1988	3.0	0.92	1.14
Edward Gaming	S12	CN	123	59.3%	1.25	1844	98	32:01	13.6	10.9	6.8	5.4	52.0	57.7	2.52	57.9	-	0.11	63.6	0.64	0.0	493	4.64	0.75	57.5	32.6	2142	3.2	1.23	1.73
EGN Esports	S12	PT	57	59.6%	1.14	1802	48	32:44	17.7	15.5	6.8	5.6	49.1	50.9	2.61	54.7	-	0.88	44.7	1.05	-0.2	-30	4.82	0.79	56.0	29.7	2312	3.0	1.08	1.20
Eintracht Spandau	S12	DE	53	58.5%	1.04	1854	76	33:27	14.9	14.3	7.6	5.5	58.5	73.6	2.68	55.8	-	1.21	61.3	1.11	0.5	886	5.75	1.02	63.4	32.1	2223	3.3	1.43	1.47
eMonkeyz SD Huesca	S12	ES	18	38.9%	0.87	1698	-86	33:28	10.8	12.4	4.9	7.1	44.4	33.3	2.50	49.9	-	0.72	36.1	1.00	-0.3	-1028	3.06	0.39	37.5	31.2	1812	2.6	0.88	1.12
Entropiq	S12	CZ	58	65.5%	1.46	1891	195	29:38	15.8	10.8	7.2	4.6	65.5	60.3	2.26	54.4	-	1.34	67.2	0.83	0.3	1917	6.36	0.81	67.3	32.3	2153	3.0	1.14	1.19
EQX	S12	CN	4	25.0%	0.64	1507	-182	39:20	10.3	16.0	4.5	7.5	-	50.0	2.00	38.3	-	-	-	-	-	-	-	0.50	22.2	27.9	1428	-	-	-
Esport Empire	S12	IT	28	28.6%	0.66	1672	-212	31:21	10.0	15.2	4.2	7.6	32.1	35.7	2.00	41.2	-	0.79	39.3	0.71	-0.4	-2036	3.29	0.43	30.3	31.3	1774	2.6	1.04	1.17
Estral Esports	S12	LAT	56	62.5%	1.29	1840	126	32:28	16.0	12.3	7.2	4.6	46.4	62.5	2.48	57.5	-	1.14	59.1	0.68	0.3	682	4.95	0.86	68.4	32.0	2164	3.3	1.35	1.50
eSuba	S12	CZ	67	52.2%	0.93	1818	22	30:56	15.4	16.5	6.3	5.4	44.8	64.2	2.39	54.4	-	1.22	62.7	1.10	0.2	273	4.75	0.58	47.7	31.2	2191	3.3	1.35	1.34
Evil Geniuses	S12	NA	123	61.0%	1.28	1832	103	32:47	14.2	11.0	6.9	5.0	43.9	57.7	2.25	52.2	-	1.15	58.1	0.72	0.1	436	5.09	0.79	62.4	32.6	2037	3.2	1.11	1.43
Evil Geniuses Academy	S12	NA	88	40.9%	0.92	1779	-68	32:23	14.0	15.2	5.3	7.2	50.0	44.3	2.24	47.0	-	0.92	46.6	0.91	-0.2	-405	4.67	0.49	38.8	31.8	2055	2.8	1.05	1.17
Evil Geniuses Prodigies	S12	NA	9	22.2%	0.75	1833	-144	28:59	16.0	21.1	4.6	7.7	33.3	22.2	1.11	24.8	-	0.44	22.2	0.67	-0.9	-956	5.00	0.33	22.2	31.5	2264	2.9	1.01	1.07
Excel Esports	S12	EUW	47	48.9%	0.95	1774	-18	34:05	12.9	13.6	6.6	6.2	51.1	55.3	2.30	49.3	-	0.96	47.9	0.85	-0.1	-285	4.58	0.77	55.2	31.3	2025	3.6	1.39	1.47
Falcons	S12	ES	25	48.0%	0.99	1729	-46	32:28	13.1	13.3	5.5	6.4	40.0	24.0	2.32	47.3	-	0.76	40.0	0.92	-0.4	-1228	2.92	0.60	45.7	30.7	2048	2.9	1.28	1.24
FC Nantes	S12	FR	36	25.0%	0.67	1682	-214	31:42	11.6	17.5	3.8	8.0	36.1	22.2	1.67	36.3	-	0.81	40.3	0.67	-0.4	-785	3.19	0.39	25.7	31.2	1934	2.8	1.12	1.30
FC Schalke 04 Evolution	S12	DE	61	57.4%	1.07	1859	64	32:38	14.5	13.5	6.4	5.5	49.2	59.0	2.31	50.4	-	1.11	55.7	0.67	0.2	607	5.28	0.95	61.5	33.6	2155	3.2	1.21	1.51
Fenerbahçe Academy	S12	TR	44	70.5%	1.23	1857	152	30:06	14.4	11.8	7.8	4.0	47.7	65.9	2.27	56.0	-	1.25	62.5	0.82	0.4	664	5.45	0.91	73.9	31.9	2013	2.9	1.17	1.12
Fenerbahce Esports	S12	TR	50	46.0%	0.93	1799	-16	32:25	13.6	14.6	5.7	6.3	52.0	44.0	2.18	47.0	-	1.02	51.0	0.88	-0.1	147	4.44	0.64	45.6	32.2	2017	3.5	1.30	1.46
Flamengo Academy	S12	BR	54	61.1%	1.06	1821	59	32:30	14.6	13.8	6.8	5.7	50.0	50.0	2.50	56.1	-	1.13	56.5	0.89	0.2	179	4.33	0.87	57.7	32.2	2032	3.4	1.45	1.45
Flamengo Los Grandes	S12	BR	36	30.6%	0.77	1717	-132	33:50	11.4	14.9	4.8	7.9	38.9	30.6	2.08	42.5	-	0.64	33.3	0.94	-0.4	-972	3.94	0.56	34.7	32.0	1790	3.4	1.47	1.48
FlyQuest	S12	NA	58	44.8%	0.85	1731	-86	34:06	10.7	12.4	5.6	7.0	46.6	36.2	2.17	44.0	-	0.97	48.3	0.83	-0.2	-716	4.24	0.62	38.1	32.5	1757	3.1	1.31	1.47
FlyQuest Academy	S12	NA	97	50.5%	1.00	1808	-6	32:13	15.0	14.9	6.2	6.3	46.4	54.6	2.30	50.8	-	0.92	45.9	0.90	0.2	-5	4.71	0.70	53.5	31.6	2253	2.9	1.09	1.28
Fnatic	S12	EUW	76	57.9%	1.02	1825	64	32:46	13.3	13.0	6.7	5.8	40.8	56.6	2.59	57.9	-	0.95	48.0	0.83	0.1	576	5.27	0.75	53.5	32.9	2186	3.3	1.08	1.46
Fnatic TQ	S12	ES	52	65.4%	1.22	1859	138	32:13	15.8	12.9	7.8	4.9	59.6	59.6	2.77	61.0	-	1.31	65.4	1.06	0.1	1222	5.04	0.90	65.6	32.0	2060	3.4	1.36	1.33
For The Win Esports	S12	PT	62	69.4%	1.31	1890	176	31:32	18.3	13.9	7.8	4.8	46.8	53.2	2.47	54.6	-	0.98	49.2	1.03	0.3	622	6.76	0.92	72.7	30.2	2315	2.9	1.04	1.22
Forsaken	S12	PL	40	42.5%	0.81	1749	-67	32:17	12.0	14.9	5.6	6.6	62.5	52.5	2.05	42.5	-	0.75	38.8	0.53	0.2	193	5.03	0.68	49.6	31.5	1992	2.9	0.99	1.18
Frank Esports	S12	PCS	54	48.1%	1.18	1774	5	31:20	14.0	11.8	5.6	6.1	48.1	42.6	2.17	50.7	-	0.72	37.0	1.02	-0.3	-162	4.19	0.63	52.1	31.5	2001	3.6	1.35	1.60
Fredit BRION	S12	KR	89	36.0%	0.82	1732	-88	34:31	9.8	12.0	5.2	6.9	52.8	33.7	2.39	47.0	-	0.89	44.9	0.96	-0.3	-597	3.62	0.70	43.7	33.0	1702	3.7	1.60	1.96
Funplus Phoenix	S12	CN	107	49.5%	0.94	1833	4	31:24	12.9	13.7	6.2	6.2	50.5	50.5	2.30	51.9	-	-	-	-	-	0	-	0.64	47.7	33.0	1976	-	-	-
FURIA Academy	S12	BR	40	45.0%	1.04	1815	19	32:40	15.6	15.0	6.6	6.9	57.5	50.0	1.80	39.7	-	1.13	56.3	0.70	-0.3	-84	4.33	0.70	43.8	31.2	1974	3.3	1.43	1.50
FURIA Esports	S12	BR	57	59.6%	1.07	1819	61	34:02	14.3	13.4	7.5	5.8	50.9	57.9	2.35	49.4	-	1.02	50.9	0.72	0.1	171	4.88	0.86	55.8	32.3	1986	3.7	1.59	1.68
G2 Arctic	S12	ES	45	48.9%	0.94	1792	11	33:47	14.1	15.0	6.8	6.0	51.1	66.7	2.56	55.9	-	1.20	61.1	0.96	0.4	767	4.98	0.62	43.2	31.4	2308	3.1	1.18	1.40
G2 Esports	S12	EUW	89	62.9%	1.27	1838	69	32:02	14.9	11.8	6.8	5.6	56.2	47.2	2.46	54.7	-	1.00	50.6	0.71	0.0	-148	5.30	0.80	56.6	32.2	2006	3.2	1.10	1.59
Galakticos	S12	TR	36	25.0%	0.74	1727	-161	31:39	11.6	15.7	4.3	7.9	52.8	47.2	1.72	35.7	-	0.97	48.6	0.86	-0.2	-312	4.31	0.67	40.5	31.7	1753	3.0	1.18	1.28
Galakticos Academy	S12	TR	35	42.9%	0.78	1724	-111	32:28	11.5	14.7	5.5	6.7	57.1	48.6	2.11	44.9	-	1.06	52.9	0.91	-0.1	-140	5.31	0.57	35.2	31.1	1822	2.8	1.03	1.14
Galatasaray Academy	S12	TR	35	42.9%	0.93	1760	-41	31:31	12.0	12.9	5.9	6.8	45.7	42.9	2.43	51.0	-	0.94	47.1	0.86	-0.1	-531	5.17	0.80	50.0	31.2	1674	3.0	1.24	1.21
Galatasaray Esports	S12	TR	47	53.2%	0.92	1838	92	33:20	13.3	14.5	7.0	5.2	55.3	74.5	2.17	46.2	-	1.06	53.2	0.74	0.4	1459	6.00	0.77	55.4	32.7	2031	3.0	1.28	1.50
GAM Esports	S12	VN	89	75.3%	1.38	1983	219	29:39	18.2	13.1	7.7	3.9	48.3	60.7	2.64	64.9	-	1.07	53.9	1.01	0.3	890	6.19	0.92	72.1	33.7	2368	3.6	1.37	1.54
GamerLegion	S12	DE	52	51.9%	1.01	1788	-26	31:24	14.5	14.4	6.3	6.3	46.2	40.4	2.56	53.7	-	0.75	38.5	1.10	-0.2	-585	4.42	0.63	47.0	31.5	2199	3.1	1.11	1.27
Gamespace Mediterranean College Esports	S12	GR	28	28.6%	0.64	1709	-208	32:01	12.0	18.8	4.3	8.0	50.0	28.6	1.64	31.7	-	0.89	44.6	0.57	-0.5	-1922	3.46	0.57	38.9	30.1	1895	2.9	0.96	1.06
GameWard	S12	FR	64	59.4%	1.25	1843	79	33:29	15.9	12.7	7.0	5.5	51.6	51.6	2.33	48.7	-	1.27	64.1	0.58	0.0	494	3.59	0.78	51.1	32.0	2332	3.2	1.19	1.42
Gen.G Challengers	S12	KR	77	51.9%	0.98	1822	2	32:46	13.2	13.4	5.8	6.0	53.2	46.8	2.03	43.8	-	0.84	42.9	0.62	-0.2	-399	4.09	0.62	44.3	33.8	2026	3.2	1.24	1.66
Gen.G eSports	S12	KR	112	74.1%	1.47	1903	212	32:08	14.0	9.5	7.7	4.2	56.3	59.8	2.69	61.1	-	0.80	40.6	0.96	0.2	944	4.96	0.82	66.0	34.5	2146	3.5	1.40	1.87
Genius Esports	S12	VN	33	24.2%	0.63	1774	-216	29:46	12.4	19.7	3.8	7.8	45.5	42.4	1.79	41.9	-	0.67	33.3	0.79	-0.3	-1386	4.58	0.36	25.5	32.4	2226	2.9	0.97	1.36
Gentlemens Gaming	S12	PL	44	45.5%	0.76	1728	-127	33:00	12.2	16.1	5.6	7.2	34.1	43.2	2.02	40.3	-	0.80	39.8	0.84	-0.2	-972	4.50	0.64	40.5	30.7	1912	2.8	0.88	1.25
GG&Esports	S12	IT	35	37.1%	0.82	1743	-86	32:48	12.9	15.8	5.2	6.9	62.9	34.3	2.43	49.3	-	1.00	50.0	1.06	-0.2	-347	3.63	0.57	40.9	31.5	2009	3.0	1.14	1.26
Giants	S12	ES	52	53.8%	0.99	1811	9	32:26	13.3	13.4	6.4	5.9	55.8	51.9	2.13	46.0	-	1.06	54.8	0.79	0.0	-250	4.77	0.75	49.3	32.5	2013	3.3	1.26	1.37
Globant Emerald	S12	LAT	29	17.2%	0.67	1652	-256	31:27	9.8	14.7	2.9	8.5	48.3	34.5	1.79	39.9	-	0.86	44.8	0.86	-0.3	-1660	3.31	0.31	26.9	31.2	1719	3.2	1.39	1.39
Golden Guardians	S12	NA	51	33.3%	0.74	1721	-116	32:48	10.6	14.3	4.8	7.2	35.3	52.9	1.78	38.4	-	1.08	53.9	0.61	0.0	-359	4.61	0.57	37.1	32.1	1936	3.1	1.27	1.43
Golden Guardians Academy	S12	NA	92	43.5%	0.95	1795	-66	30:14	14.3	15.1	5.4	6.6	47.8	39.1	1.95	45.9	-	0.83	42.4	0.75	-0.2	-657	4.22	0.59	44.7	31.6	2125	2.8	1.04	1.21
Goskilla	S12	PL	40	37.5%	0.84	1760	-55	32:45	12.4	14.7	5.7	6.9	42.5	57.5	2.43	48.4	-	0.90	46.3	0.85	0.1	-464	4.70	0.78	51.7	31.0	2041	3.1	1.12	1.37
Gravitas	S12	OCE	42	7.1%	0.46	1603	-420	28:40	8.7	18.8	2.2	9.0	26.2	14.3	1.33	30.3	-	0.55	27.4	0.74	-1.1	-3401	3.02	0.17	9.8	30.1	1649	2.7	0.98	1.23
GTZ Bulls	S12	PT	31	45.2%	1.00	1781	-24	32:43	15.7	15.6	5.9	6.8	58.1	51.6	2.35	48.1	-	1.10	54.8	0.77	0.0	61	4.10	0.71	46.6	30.1	2082	2.6	0.79	1.22
Guasones	S12	ES	28	75.0%	1.10	1887	150	32:55	15.6	14.2	8.3	4.8	46.4	60.7	2.64	54.3	-	1.18	58.9	1.11	0.2	464	5.14	0.89	64.8	31.9	2279	2.8	1.02	1.22
Hanwha Life eSports	S12	KR	89	27.0%	0.65	1683	-174	33:28	8.6	13.3	4.2	7.8	39.3	38.2	1.75	36.3	-	1.09	55.1	0.63	-0.2	-867	3.88	0.51	31.0	32.1	1687	3.3	1.45	1.72
Herbalife Real Betis	S12	ES	18	22.2%	0.67	1723	-182	34:05	12.8	19.2	4.6	8.0	33.3	33.3	2.11	39.0	-	0.67	33.3	0.78	-0.2	-871	2.83	0.44	25.0	30.7	2143	2.9	1.06	1.26
Hive Athens EC	S12	GR	34	47.1%	0.94	1781	-5	32:11	14.8	15.8	5.8	6.2	61.8	58.8	2.21	45.2	-	0.97	50.0	0.74	0.1	347	5.26	0.85	49.5	30.6	2153	2.7	0.98	1.35
HLE Challengers	S12	KR	75	32.0%	0.84	1716	-131	32:45	11.2	13.3	4.6	7.4	50.7	37.3	2.31	49.4	-	0.95	47.3	1.00	-0.1	-258	3.34	0.57	41.7	31.8	1820	3.3	1.41	1.50
Hungkuang Falcon	S12	KR	3	33.3%	0.67	1742	-294	28:58	14.0	21.0	4.3	6.7	33.3	33.3	3.00	80.6	-	0.67	33.3	1.67	-1.0	-2453	2.33	0.33	16.7	30.9	1941	2.7	0.85	1.40
Huya All Star	S12	CN	4	50.0%	0.88	1779	-108	31:47	16.3	18.5	4.8	7.3	25.0	50.0	2.00	48.3	-	-	-	-	-	-	-	1.25	75.0	29.6	1703	-	-	-
Illuminar Gaming	S12	PL	53	50.9%	1.14	1821	53	31:56	15.5	13.5	6.6	5.7	66.0	60.4	2.28	50.0	-	1.23	61.3	0.85	0.2	881	4.66	0.66	52.6	32.1	2110	3.0	1.27	1.29
Immortals	S12	NA	40	22.5%	0.64	1677	-185	32:50	8.8	13.6	4.3	7.9	47.5	45.0	1.95	39.6	-	0.95	47.5	0.53	-0.2	-800	3.63	0.48	28.9	32.1	1741	3.4	1.35	1.45
Immortals Academy	S12	NA	106	48.1%	0.96	1801	-8	32:51	15.2	15.9	6.2	6.2	51.9	50.0	2.68	55.2	-	1.01	51.9	1.01	-0.1	-127	4.75	0.66	49.0	31.0	2206	2.9	0.96	1.23
Immortals AOE	S12	NA	8	37.5%	0.76	1725	-225	31:33	15.1	19.9	4.8	8.4	50.0	25.0	2.25	43.5	-	0.63	31.3	1.00	-0.5	-2808	3.38	0.75	31.3	29.7	2033	2.4	0.67	1.02
Impunity	S12	PCS	43	27.9%	0.67	1696	-193	30:52	10.6	15.9	4.4	7.6	44.2	41.9	1.70	37.8	-	1.05	52.3	0.56	-0.6	-1785	3.95	0.40	33.7	31.3	1754	3.1	1.22	1.41
Infinity eSports	S12	LAT	42	50.0%	1.11	1757	-15	34:04	11.6	10.4	5.7	6.4	54.8	40.5	2.10	45.3	-	0.98	48.8	0.50	-0.1	-94	4.14	0.45	39.3	32.8	1833	3.4	1.46	1.44
Inside Games	S12	CZ	28	17.9%	0.74	1644	-252	30:51	12.4	16.9	3.6	8.4	39.3	25.0	1.57	33.0	-	0.43	21.4	0.79	-0.7	-1811	2.93	0.29	20.0	29.3	1923	2.7	1.03	1.10
INTZ Academy	S12	BR	41	43.9%	0.91	1782	-37	33:23	13.7	15.0	6.4	7.1	46.3	53.7	2.66	55.1	-	0.93	46.3	0.88	0.0	153	4.68	0.71	44.2	32.1	2048	3.5	1.63	1.46
INTZ e-Sports	S12	BR	36	19.4%	0.66	1652	-233	31:48	10.6	16.1	3.8	8.3	38.9	41.7	1.64	35.2	-	0.89	44.4	0.50	-0.3	-1130	3.39	0.39	24.0	30.4	1760	3.3	1.42	1.32
Invictus Gaming	S12	CN	93	40.9%	0.83	1805	-56	30:38	12.4	14.9	5.6	6.6	51.6	38.7	2.34	54.1	-	-	-	-	-	0	-	0.62	43.4	32.8	1916	-	-	-
Ion Squad	S12	BE	32	40.6%	0.89	1745	-74	30:59	13.3	15.0	4.9	6.8	46.9	43.8	2.16	48.3	-	0.94	46.9	1.00	-0.4	-917	4.38	0.41	35.0	30.9	1864	2.6	0.92	1.20
Iron Wolves	S12	PL	56	50.0%	0.89	1784	-37	31:54	14.1	15.9	6.1	6.4	37.5	50.0	2.63	56.6	-	0.75	39.3	1.02	0.1	-323	4.54	0.55	45.2	31.9	2223	2.9	1.01	1.27
Istanbul Wildcats	S12	TR	62	67.7%	1.36	1832	113	31:31	16.0	11.8	7.3	4.9	54.8	48.4	2.63	60.7	-	0.90	46.0	0.95	0.0	81	4.52	0.73	64.3	31.2	2122	2.8	1.06	1.37
Istanbul Wildcats Academy	S12	TR	43	60.5%	1.10	1808	53	31:07	13.6	12.4	6.4	5.7	46.5	48.8	2.56	56.0	-	0.93	46.5	1.07	0.0	-451	4.44	0.74	52.0	31.9	1890	3.0	1.24	1.09
Isurus	S12	LAT	63	52.4%	0.95	1796	23	32:23	13.6	14.2	6.2	5.5	60.3	55.6	2.43	57.1	-	1.05	53.2	0.81	0.1	323	4.57	0.65	52.6	32.0	2064	3.3	1.25	1.53
IZI Dream	S12	FR	57	73.7%	1.57	1860	168	31:31	16.3	10.3	7.3	4.6	54.4	40.4	3.23	71.9	-	0.47	24.6	1.56	-0.1	312	4.35	0.89	74.2	31.6	2356	2.9	1.02	1.28
J Team	S12	PCS	64	60.9%	1.37	1844	139	31:55	14.6	10.6	6.8	4.8	59.4	50.0	2.44	56.4	-	1.08	54.7	0.88	0.3	1263	5.06	0.66	56.2	32.5	1976	3.1	1.41	1.50
JD Gaming	S12	CN	125	64.8%	1.19	1872	100	31:38	15.8	13.2	7.1	5.1	50.4	52.8	2.46	56.0	-	0.16	71.4	0.57	0.5	485	5.57	0.68	52.0	32.5	2256	3.3	1.25	1.83
JD|XL	S12	EUW	54	57.4%	1.21	1891	132	31:08	15.7	13.0	6.9	5.2	51.9	68.5	2.22	51.5	-	1.17	58.3	0.89	0.3	1361	5.65	0.74	54.1	33.0	2283	2.9	1.11	1.30
Joblife	S12	FR	40	50.0%	1.16	1823	96	33:19	14.8	12.7	7.0	5.6	52.5	75.0	2.38	46.1	-	1.35	68.8	0.63	0.4	1216	5.78	0.70	50.6	32.4	2070	3.4	1.39	1.52
KaBuM! Academy	S12	BR	36	38.9%	0.98	1761	-48	32:07	13.2	13.5	5.6	6.6	52.8	38.9	1.86	40.4	-	0.83	41.7	0.86	-0.1	-490	3.42	0.47	34.8	31.7	1858	3.6	1.48	1.49
KaBuM! e-Sports	S12	BR	53	60.4%	1.21	1864	124	31:08	17.0	14.1	7.1	4.9	52.8	47.2	2.32	54.2	-	1.23	61.3	0.89	-0.1	293	5.09	0.77	58.2	31.7	2247	3.5	1.50	1.63
Kanga Esports	S12	OCE	49	38.8%	0.81	1754	-113	31:13	13.3	16.3	4.8	7.0	42.9	42.9	2.02	44.5	-	0.86	43.9	0.73	-0.1	-581	4.88	0.47	39.4	31.1	1970	2.8	1.06	1.23
Karma Clan Esports	S12	PT	28	32.1%	0.71	1700	-145	31:26	12.3	17.1	4.7	7.3	42.9	32.1	2.07	42.2	-	1.04	53.6	0.79	-0.2	-595	4.21	0.54	39.7	30.3	1898	3.1	1.24	1.10
Karmine Corp	S12	FR	75	61.3%	1.23	1855	139	32:55	15.5	12.6	7.5	4.7	44.0	62.7	2.67	57.1	-	1.04	53.3	0.81	0.3	1548	6.21	0.81	58.7	33.0	2204	3.1	1.23	1.47
KDF Challengers	S12	KR	78	43.6%	0.91	1762	-59	33:09	12.3	13.4	6.0	6.5	48.7	64.1	2.26	46.4	-	1.04	51.9	0.86	0.2	84	4.28	0.55	36.7	32.0	1996	3.2	1.43	1.54
KOI	S12	ES	52	50.0%	1.03	1788	10	33:37	12.6	12.2	6.3	6.3	44.2	44.2	2.13	45.6	-	0.85	42.3	0.90	-0.1	-190	3.79	0.67	54.2	32.7	1916	3.3	1.34	1.43
Komil & Friends	S12	PL	40	35.0%	0.81	1740	-121	32:05	13.8	17.0	5.4	6.9	50.0	35.0	2.48	47.9	-	1.00	52.5	1.10	-0.3	-773	3.65	0.55	34.6	30.9	1995	2.7	0.98	1.24
KRC Genk Esports	S12	BE	64	60.9%	1.11	1825	85	32:59	14.9	13.4	7.3	5.3	46.9	82.8	2.72	57.1	-	1.53	76.6	0.97	0.7	1283	6.13	0.88	58.3	31.6	2080	3.0	1.16	1.23
KT Challengers	S12	KR	89	53.9%	1.16	1801	28	33:33	13.8	11.9	6.3	5.8	52.8	53.9	2.54	53.3	-	1.04	52.2	0.72	0.1	307	3.99	0.71	51.2	32.5	2028	3.5	1.56	1.65
KT Rolster	S12	KR	98	49.0%	1.06	1799	20	34:02	12.2	11.5	6.0	6.3	54.1	45.9	2.91	59.5	-	0.93	48.0	1.09	0.0	51	4.38	0.71	47.5	33.3	1933	3.7	1.47	1.85
KV Mechelen Esports	S12	BE	29	24.1%	0.63	1689	-199	32:28	11.5	18.3	4.4	7.8	37.9	24.1	2.03	41.6	-	0.83	41.4	1.03	-0.3	-1607	3.83	0.41	31.5	30.5	1891	2.9	1.09	1.15
Kwangdong Freecs	S12	KR	92	39.1%	0.94	1708	-84	34:41	10.5	11.1	5.5	6.7	43.5	46.7	2.21	43.8	-	0.87	44.0	0.72	-0.1	-525	3.45	0.57	44.9	32.1	1757	3.8	1.68	1.84
LDLC OL	S12	FR	89	74.2%	1.38	1894	173	32:04	16.4	11.8	7.9	4.6	53.9	55.1	2.36	52.1	-	0.89	44.9	0.76	0.2	664	5.16	0.96	70.5	32.9	2208	3.3	1.19	1.46
LGD Gaming	S12	CN	88	35.2%	0.79	1735	-150	31:58	11.9	15.1	4.8	7.1	47.7	44.3	1.92	41.4	-	-	-	-	-	0	-	0.56	35.9	31.6	1881	-	-	-
Liberty	S12	BR	44	52.3%	1.07	1763	6	33:00	13.6	12.7	6.7	6.0	45.5	59.1	2.59	57.5	-	0.98	48.9	0.82	0.4	475	4.68	0.68	49.6	30.7	1913	3.3	1.42	1.50
Liberty Academy	S12	BR	39	43.6%	0.90	1779	-32	32:13	14.7	16.3	5.9	6.6	43.6	64.1	2.56	57.9	-	1.05	52.6	1.05	0.3	387	5.03	0.69	51.5	31.2	2021	3.6	1.68	1.48
Liiv SANDBOX	S12	KR	99	45.5%	0.85	1744	-90	31:46	11.0	12.9	5.3	6.5	46.5	34.3	2.41	53.1	-	0.72	37.4	1.09	-0.2	-1172	3.31	0.65	47.0	32.5	1878	3.3	1.28	1.63
Lille Esport	S12	FR	43	51.2%	0.93	1796	7	31:39	15.0	16.0	6.3	6.1	37.2	46.5	2.47	53.4	-	1.16	58.1	0.74	0.0	-32	4.40	0.58	45.1	31.3	2206	2.7	0.95	1.26
LNG Academy	S12	KR	3	33.3%	0.92	1819	-56	31:28	18.0	19.7	4.7	7.0	-	-	1.67	42.2	-	0.33	16.7	0.67	-1.0	-3204	1.00	0.67	75.0	31.6	2091	3.3	1.17	1.42
LNG Esports	S12	CN	121	52.9%	1.05	1812	21	32:29	13.3	12.6	6.3	5.9	48.8	47.1	2.07	46.0	-	-	-	-	-	0	-	0.70	51.9	32.5	2054	-	-	-
LOUD	S12	BR	61	60.7%	1.12	1836	88	33:04	16.0	14.3	7.5	5.2	62.3	65.6	2.66	61.3	-	1.13	56.6	0.85	0.3	889	5.48	0.90	62.4	31.2	2210	3.8	1.66	1.46
LOUD Academy	S12	BR	46	63.0%	1.26	1845	71	32:57	17.2	13.7	7.3	5.8	58.7	52.2	2.41	53.6	-	1.02	51.1	0.65	0.2	676	4.57	0.93	63.7	30.9	2148	3.3	1.35	1.43
LowLandLions	S12	BE	28	46.4%	0.79	1757	-58	31:09	12.6	15.9	5.9	6.0	50.0	53.6	2.46	53.9	-	0.79	39.3	1.07	0.0	-322	5.43	0.57	46.0	31.7	2056	2.4	0.89	1.18
LSB Challengers	S12	KR	77	42.9%	0.93	1816	-24	32:22	13.8	14.8	5.6	6.5	48.1	42.9	2.21	47.1	-	0.90	44.8	0.88	-0.2	-553	3.87	0.79	51.6	32.9	2005	3.7	1.60	1.64
Luxury Esports	S12	VN	33	33.3%	0.75	1869	-71	30:10	16.5	21.9	5.2	7.1	45.5	42.4	2.06	51.2	-	0.82	40.9	0.70	0.0	-539	5.45	0.67	46.8	32.5	2226	3.2	1.28	1.40
Macko Esports	S12	IT	54	64.8%	1.10	1845	101	32:58	16.0	14.5	7.3	5.1	44.4	61.1	2.61	57.2	-	1.04	52.8	0.94	0.3	422	6.11	0.87	63.1	31.1	2239	3.0	0.97	1.38
MAD Lions	S12	EUW	57	50.9%	1.03	1801	15	33:04	13.7	13.3	6.3	6.1	57.9	59.6	2.16	47.4	-	1.18	58.8	0.54	0.1	502	5.30	0.79	56.0	32.0	1964	3.2	1.31	1.48
MAD Lions Madrid	S12	ES	36	27.8%	0.80	1747	-91	33:42	12.0	15.0	5.1	7.6	47.2	41.7	2.06	43.0	-	0.92	45.8	0.72	-0.3	-559	3.69	0.64	41.9	32.3	1876	3.1	1.30	1.44
MAMMOTH	S12	OCE	42	26.2%	0.56	1671	-323	29:22	10.8	19.3	3.5	8.2	35.7	14.3	1.81	38.9	-	0.52	26.2	0.93	-1.0	-2996	2.83	0.43	32.5	29.8	1872	2.6	0.86	1.15
Maryville Black	S12	NA	2	0.0%	0.27	1542	-582	26:37	7.0	25.5	1.5	10.0	-	-	1.50	37.5	-	0.00	0.0	1.00	-2.0	-7270	3.00	0.00	0.0	28.2	1842	2.4	1.01	0.94
Maryville University	S12	NA	6	33.3%	0.95	1724	-131	34:24	13.2	13.8	5.7	7.7	33.3	66.7	2.17	51.1	-	1.33	66.7	0.50	-0.2	-619	6.00	0.50	41.7	29.8	1902	3.0	0.96	1.35
mCon LG UltraGear	S12	BE	52	48.1%	1.10	1778	22	32:38	14.3	13.0	5.9	6.0	55.8	42.3	2.60	52.8	-	0.94	48.1	0.98	-0.2	61	3.65	0.90	54.7	31.3	2063	2.8	1.00	1.21
Meta Falcon Team	S12	PCS	45	31.1%	0.69	1720	-183	30:06	11.2	16.3	4.1	7.5	35.6	26.7	2.00	43.9	-	0.84	43.2	0.98	-0.2	-1395	4.02	0.40	30.4	31.8	1784	2.8	1.24	1.41
Mirage Elyandra	S12	FR	43	34.9%	0.85	1739	-76	34:11	10.7	12.5	5.4	7.3	60.5	48.8	2.21	43.8	-	1.05	52.3	0.63	0.0	-91	3.19	0.63	41.7	32.6	1758	3.2	1.11	1.44
Misfits Gaming	S12	EUW	51	49.0%	0.85	1794	-50	32:34	13.4	15.8	6.2	6.6	45.1	37.3	2.04	44.7	-	1.08	53.9	0.69	-0.2	-1172	5.11	0.80	49.7	31.9	2090	3.1	1.20	1.43
Misfits Premier	S12	FR	42	47.6%	0.91	1777	-16	32:28	13.0	14.3	6.1	6.0	69.0	61.9	2.26	48.4	-	1.17	59.5	0.81	0.4	514	5.05	0.67	51.3	31.8	2108	3.3	1.37	1.42
MnM Gaming	S12	EUW	36	25.0%	0.75	1699	-186	32:15	12.9	17.2	4.5	7.6	50.0	38.9	2.22	45.1	-	0.86	43.1	1.03	-0.2	-1581	3.11	0.47	28.9	30.2	1994	2.7	1.17	1.20
Mousesports	S12	DE	44	50.0%	0.99	1803	21	32:54	14.1	14.3	6.5	6.1	52.3	52.3	2.43	51.9	-	0.86	43.2	0.70	0.1	-97	4.02	0.73	55.8	32.3	2099	3.1	1.03	1.39
Movistar Riders	S12	ES	40	37.5%	0.76	1738	-125	32:38	12.3	16.2	5.3	7.3	45.0	50.0	2.30	48.1	-	1.00	50.0	1.00	-0.1	-682	4.58	0.55	41.9	31.3	1961	3.2	1.32	1.28
Movistar Riders Academy	S12	ES	18	11.1%	0.47	1604	-436	28:57	9.4	20.1	2.5	9.5	44.4	22.2	1.33	31.6	-	0.67	33.3	0.50	-0.7	-2845	3.00	0.17	5.6	28.8	1835	2.4	0.92	1.00
NASR eSports Turkey	S12	TR	46	69.6%	1.40	1891	192	32:27	15.2	10.8	7.5	4.4	58.7	60.9	2.85	63.5	-	1.09	54.3	1.00	0.5	1237	4.89	0.83	67.4	33.7	2003	3.6	1.29	1.58
NASR eSports Turkey Academy	S12	TR	47	57.4%	1.19	1796	68	32:22	12.7	10.7	6.5	5.6	63.8	55.3	2.26	47.8	-	1.21	60.6	0.72	0.3	739	4.45	0.66	50.4	32.1	1721	2.9	1.18	1.33
Netshoes Miners	S12	BR	42	42.9%	0.79	1726	-109	33:23	12.5	15.7	5.3	7.1	47.6	40.5	2.17	46.2	-	1.00	50.0	0.79	-0.1	-724	3.48	0.74	48.0	31.1	2025	3.4	1.55	1.52
Nexus KTRL	S12	RS	28	39.3%	0.84	1738	-113	32:32	14.2	16.9	4.9	7.2	42.9	28.6	2.21	46.6	-	0.57	30.4	0.93	-0.4	-1178	3.32	0.75	41.0	30.2	2026	2.7	0.81	1.02
NM Academy	S12	BR	42	52.4%	1.11	1767	1	33:21	14.6	13.1	6.1	6.3	42.9	42.9	2.29	48.9	-	0.95	47.6	0.86	0.0	-270	4.07	0.69	51.5	30.8	2048	3.2	1.52	1.49
No Team	S12	NA	5	20.0%	0.56	1758	-358	28:32	14.2	25.2	3.8	8.4	40.0	40.0	2.20	56.0	-	1.40	70.0	0.80	-0.2	-2299	4.40	0.40	20.0	30.3	2183	2.3	0.63	1.10
Nongshim RedForce	S12	KR	87	34.5%	0.83	1726	-113	34:08	10.7	13.0	5.1	7.3	52.9	51.7	2.25	45.2	-	0.98	48.9	0.86	0.0	-139	4.45	0.48	32.0	32.4	1831	3.6	1.60	1.59
NS Challengers	S12	KR	101	49.5%	1.01	1803	-2	33:02	13.6	13.4	5.8	6.0	47.5	40.6	2.32	48.6	-	1.03	52.5	0.76	-0.1	-164	3.86	0.65	49.1	32.7	2079	3.4	1.48	1.52
NYYRIKKI	S12	EUW	36	36.1%	0.67	1736	-157	32:37	11.9	17.6	4.6	7.5	52.8	30.6	1.94	40.2	-	0.50	25.0	0.83	-0.6	-1129	3.86	0.75	46.1	31.4	1943	3.3	1.07	1.23
Odivelas Sports Club	S12	PT	28	21.4%	0.62	1660	-261	31:34	12.8	20.5	3.8	8.1	60.7	32.1	1.21	26.4	-	0.64	35.7	0.39	-0.4	-1628	4.21	0.39	25.6	28.5	2035	2.6	0.95	1.19
OFFSET Esports	S12	PT	30	46.7%	0.93	1798	-6	32:27	14.8	15.9	6.1	6.9	36.7	56.7	2.50	51.7	-	1.07	56.7	1.03	0.1	32	4.33	0.63	43.7	31.5	2105	2.9	1.02	1.12
Olympiacos Alimou	S12	GR	31	45.2%	0.85	1758	-37	31:37	13.3	15.7	6.0	5.9	58.1	45.2	2.39	50.8	-	0.94	46.8	0.94	0.2	379	4.90	0.61	44.1	31.0	2051	3.1	1.23	1.34
OMG	S12	CN	97	48.5%	0.92	1795	-52	30:12	12.8	13.9	5.4	5.9	50.5	40.2	2.18	50.3	-	-	-	-	-	0	-	0.62	52.6	31.8	1965	-	-	-
One Breath Gaming	S12	CIS	4	100.0%	1.76	1918	289	32:58	15.0	8.5	9.8	3.8	50.0	50.0	3.25	64.3	-	1.25	62.5	1.00	0.5	3159	6.50	1.50	100.0	32.0	1888	3.2	1.56	1.51
ORDER	S12	OCE	75	53.3%	1.07	1829	31	30:21	14.1	13.2	6.1	5.6	49.3	44.0	2.32	50.8	-	0.92	46.7	0.99	-0.3	-166	4.40	0.63	53.0	33.0	1981	3.0	1.09	1.32
paiN Academy	S12	BR	54	75.9%	1.30	1895	188	31:49	16.7	12.8	8.1	4.4	61.1	70.4	2.33	53.8	-	1.13	57.4	0.89	0.3	1098	5.22	0.93	71.5	31.7	2223	3.3	1.33	1.59
paiN Gaming	S12	BR	61	59.0%	1.17	1831	74	33:31	15.1	12.9	6.9	6.0	54.1	55.7	2.46	49.9	-	0.95	47.5	0.97	0.2	622	4.98	0.79	55.4	32.4	2057	3.6	1.62	1.66
Partizan Esports	S12	RS	17	58.8%	1.27	1833	144	31:31	15.2	11.8	7.4	4.8	58.8	52.9	2.53	53.9	-	1.47	76.5	0.88	0.2	1154	4.76	0.76	63.5	31.1	2242	3.1	1.17	1.27
PCS Taran	S12	FR	50	52.0%	0.95	1790	-14	33:52	15.9	16.7	6.3	6.5	54.0	62.0	2.82	55.5	-	1.14	59.0	1.06	0.1	-111	4.48	0.96	58.0	30.5	2125	2.9	1.14	1.18
PEACE	S12	OCE	48	50.0%	1.00	1789	-9	31:14	13.0	13.0	6.0	6.2	56.3	50.0	2.38	50.3	-	0.79	39.6	0.94	0.1	133	5.02	0.63	43.1	31.7	1985	2.9	1.13	1.35
PENTA 1860	S12	DE	36	25.0%	0.72	1797	-109	32:08	13.3	18.5	5.2	7.6	38.9	50.0	1.86	39.1	-	0.78	40.3	0.83	-0.2	-139	4.06	0.42	28.6	32.9	2076	3.3	1.27	1.45
Pentanet.GG	S12	OCE	68	61.8%	1.28	1913	186	30:51	17.1	13.2	7.6	4.5	52.9	77.9	2.49	57.1	-	1.46	72.8	1.03	0.6	1383	5.88	0.94	68.5	31.9	2324	3.3	1.26	1.40
PSG Talon	S12	PCS	86	65.1%	1.33	1821	110	32:31	13.2	9.9	6.7	4.8	46.5	64.0	2.53	55.5	-	1.07	54.7	0.95	0.3	496	4.47	0.81	63.1	33.1	1957	3.6	1.40	1.73
Rainbow7	S12	LAT	51	58.8%	1.16	1788	50	33:14	14.0	12.1	6.7	5.4	45.1	43.1	1.94	42.9	-	1.18	58.8	0.73	0.1	542	4.53	0.73	50.8	31.2	1976	3.2	1.23	1.49
Rare Atom	S12	CN	88	42.0%	0.77	1794	-50	31:28	10.8	14.1	5.5	6.6	46.6	34.1	2.23	49.4	-	-	-	-	-	0	-	0.61	40.4	33.9	1944	-	-	-
Rascal Jester	S12	JP	63	57.1%	1.11	1793	53	32:40	12.8	11.5	6.8	5.1	52.4	58.7	2.49	50.8	-	1.05	53.2	0.84	0.1	25	4.42	0.83	62.2	31.6	1878	3.2	1.23	1.69
Rebels Gaming	S12	ES	35	62.9%	1.49	1804	78	34:08	14.7	9.9	7.3	5.5	51.4	60.0	2.74	53.0	-	1.26	64.7	0.76	0.1	264	4.00	0.97	61.6	31.1	2132	3.1	1.38	1.35
RED Academy	S12	BR	42	47.6%	0.83	1784	-50	32:54	13.8	16.5	6.0	6.9	42.9	35.7	2.45	52.3	-	0.93	46.4	0.81	-0.3	-911	3.95	0.69	47.2	31.3	2132	3.2	1.34	1.51
RED Canids	S12	BR	76	57.9%	1.15	1820	51	32:13	16.0	13.9	6.9	5.9	55.3	42.1	2.39	52.5	-	1.07	53.9	0.67	-0.1	89	4.53	0.68	58.2	31.6	2036	3.3	1.44	1.41
Rensga Academy	S12	BR	36	8.3%	0.58	1649	-301	31:48	9.9	17.3	3.9	9.0	38.9	33.3	1.61	35.8	-	0.75	37.5	0.64	-0.6	-1411	3.67	0.31	16.4	30.7	1719	3.4	1.40	1.33
Rensga eSports	S12	BR	36	19.4%	0.62	1675	-228	31:39	10.9	17.4	3.7	8.5	44.4	41.7	1.72	37.6	-	0.89	44.4	0.67	-0.3	-1074	4.08	0.33	24.3	30.9	1894	3.3	1.49	1.34
Riddle Esports	S12	EUW	47	53.2%	1.05	1780	-6	34:20	14.6	14.0	5.9	6.3	51.1	27.7	2.53	50.4	-	0.87	43.6	0.87	-0.5	-451	3.36	0.72	43.3	32.3	2137	3.2	1.05	1.29
Rogue	S12	EUW	73	60.3%	1.24	1841	86	32:18	14.0	11.2	6.9	5.2	57.5	60.3	2.14	50.6	-	0.93	46.6	0.56	0.1	685	5.00	0.89	60.2	32.1	2161	3.1	1.04	1.46
Royal Never Give Up	S12	CN	156	64.7%	1.32	1880	134	31:46	15.4	11.7	7.3	4.8	57.7	52.6	2.53	58.7	-	0.36	65.1	1.16	0.5	1977	5.56	0.81	63.6	32.7	2049	3.3	1.25	1.71
Saigon Buffalo	S12	VN	117	52.1%	1.13	1891	59	30:01	16.4	14.5	6.4	5.5	57.3	55.6	2.23	55.4	-	1.14	56.8	0.85	0.2	498	5.08	0.68	55.2	32.6	2181	3.4	1.29	1.50
Samsung Morning Stars	S12	IT	28	25.0%	0.68	1704	-178	32:38	11.9	17.5	4.1	7.8	42.9	35.7	1.57	32.6	-	0.79	39.3	0.79	-0.4	-1270	3.82	0.39	26.8	30.7	2015	3.0	1.07	1.14
SBTC Esports	S12	VN	80	47.5%	0.94	1812	-46	30:45	14.6	15.5	5.8	6.1	56.3	52.5	1.85	44.8	-	1.04	51.9	0.75	0.2	358	5.19	0.61	44.1	32.2	2102	3.0	1.35	1.44
Sector One	S12	BE	29	41.4%	0.93	1748	-70	35:10	15.4	16.5	5.8	6.7	51.7	44.8	2.14	39.5	-	0.93	48.3	0.72	0.1	29	4.38	0.86	43.1	30.1	2138	2.8	1.08	1.30
SEM9	S12	PCS	36	5.6%	0.37	1575	-472	26:57	7.4	19.6	1.9	8.9	27.8	22.2	0.78	19.0	-	0.50	25.0	0.44	-0.9	-3790	3.22	0.14	13.3	29.6	1585	2.8	1.16	1.14
Sengoku Gaming	S12	JP	66	66.7%	1.30	1841	127	32:48	14.0	10.7	7.0	4.7	48.5	43.9	2.85	62.4	-	0.95	50.0	1.12	0.0	122	4.75	0.86	66.9	32.8	2032	3.2	1.22	1.59
Shadow Battlica	S12	KR	4	50.0%	0.92	1776	-55	27:45	19.3	21.0	4.5	5.5	75.0	50.0	2.00	54.2	-	0.50	25.0	1.50	0.5	982	5.50	0.25	50.0	28.5	2516	3.1	1.16	1.20
Shadow EK	S12	KR	5	40.0%	0.80	1755	-108	27:43	14.8	18.6	5.6	5.6	40.0	60.0	2.00	44.0	-	0.80	40.0	0.80	0.4	-302	5.20	0.20	25.0	30.1	2329	2.8	1.53	1.22
Shu Dai Xiong Gaming	S12	CN	4	25.0%	0.73	1787	-157	35:01	13.3	18.3	4.3	9.0	50.0	-	2.00	40.0	-	-	-	-	-	-	-	0.50	33.3	32.5	1855	-	-	-
SINNERS Esports	S12	CZ	35	45.7%	0.97	1757	-23	33:27	15.0	15.5	5.9	6.5	51.4	42.9	2.40	48.0	-	1.17	60.0	0.83	0.1	-50	4.14	0.57	42.7	30.6	2299	2.7	1.03	1.34
SK Gaming	S12	EUW	36	38.9%	0.84	1712	-138	33:03	10.8	12.8	4.8	7.3	44.4	33.3	2.22	47.0	-	1.03	52.9	0.83	-0.3	-1136	3.55	0.47	30.9	32.1	1777	3.3	1.26	1.41
SK Gaming Prime	S12	DE	57	52.6%	1.03	1833	35	33:01	15.2	14.7	6.4	6.3	56.1	52.6	2.32	48.0	-	1.21	61.4	0.67	0.0	446	4.47	0.86	53.8	31.9	2239	3.1	1.15	1.34
SoftBank Hawks Gaming	S12	JP	57	52.6%	1.15	1789	38	33:19	11.8	10.2	6.3	5.8	52.6	49.1	2.28	47.0	-	0.79	40.4	0.70	0.0	425	4.63	0.75	51.3	33.5	1895	3.3	1.51	1.63
Solary	S12	FR	36	41.7%	1.00	1738	-97	32:27	12.1	12.1	5.1	7.0	61.1	38.9	2.00	39.6	-	1.28	63.9	0.86	-0.3	-478	3.11	0.72	46.3	31.7	1850	3.4	1.25	1.42
SOVEJA	S12	RS	14	14.3%	0.59	1675	-259	29:23	11.9	20.1	3.1	8.7	42.9	21.4	1.50	38.5	-	0.36	17.9	0.71	-0.6	-1800	2.86	0.14	18.2	30.1	1851	2.4	0.80	1.01
Split Raiders	S12	RS	32	28.1%	0.64	1712	-201	29:27	11.6	17.9	4.3	7.3	46.9	34.4	2.38	54.9	-	0.63	32.8	1.19	-0.4	-1491	3.69	0.44	33.9	30.9	1919	2.6	0.95	1.07
SuperMassive Blaze	S12	TR	43	48.8%	1.03	1776	-20	31:58	12.0	11.6	6.1	6.3	48.8	53.5	2.09	45.3	-	1.16	58.1	0.70	-0.1	-580	4.74	0.60	50.0	31.7	1776	3.0	1.25	1.42
SuperMassive Blaze Academy	S12	TR	46	50.0%	1.18	1807	50	32:40	16.3	13.7	6.4	5.9	56.5	58.7	2.57	53.2	-	1.09	56.5	0.93	0.0	756	4.50	0.70	46.6	31.0	1958	3.0	1.14	1.33
T1	S12	KR	144	74.3%	1.35	1920	218	31:41	14.5	10.7	7.9	3.9	54.9	72.9	2.30	55.0	-	1.30	65.3	0.67	0.6	1642	6.47	0.94	70.8	33.3	2116	3.6	1.39	1.55
T1 Challengers	S12	KR	77	63.6%	1.13	1886	127	31:38	14.6	12.9	7.0	4.5	50.6	61.0	2.57	57.4	-	1.22	61.0	1.06	0.1	835	4.99	0.78	63.1	33.8	2212	3.2	1.33	1.69
Taco Gaming	S12	NA	11	18.2%	0.62	1695	-258	29:49	12.7	20.6	3.8	7.8	36.4	45.5	2.18	52.3	-	1.00	50.0	1.09	0.0	-1895	4.64	0.45	31.5	28.9	1991	2.3	0.74	0.98
Team 7AM	S12	BE	33	45.5%	1.03	1761	-51	32:02	14.8	14.2	5.2	6.6	63.6	39.4	2.55	50.7	-	0.79	39.4	0.85	-0.4	-176	4.18	0.55	44.0	31.1	1972	2.9	1.04	0.98
Team Aurora	S12	TR	45	40.0%	0.83	1754	-70	31:20	12.4	14.9	5.4	6.3	44.4	44.4	2.36	49.8	-	0.87	44.4	0.91	-0.1	-786	4.69	0.67	43.7	31.5	1848	3.2	1.30	1.43
Team AURORA Academy	S12	TR	36	22.2%	0.66	1687	-212	31:44	10.4	15.7	3.9	8.4	33.3	25.0	1.86	37.8	-	0.67	33.3	0.97	-0.6	-1587	3.17	0.50	25.0	31.6	1746	2.7	1.01	1.25
Team Aze	S12	LAT	62	56.5%	0.91	1782	-28	33:02	13.0	14.3	6.0	5.8	50.0	46.8	2.53	54.1	-	0.79	40.2	0.87	-0.2	-600	3.65	0.79	56.5	32.8	2035	3.2	1.29	1.56
Team BDS	S12	EUW	36	19.4%	0.68	1665	-226	33:18	10.6	15.5	3.8	8.5	55.6	41.7	2.11	44.5	-	0.81	41.4	0.94	-0.1	-794	3.97	0.33	24.7	31.6	1836	3.2	1.38	1.46
Team BDS Academy	S12	FR	85	63.5%	1.10	1829	91	33:33	14.5	13.1	7.1	5.7	40.0	68.2	3.34	70.2	-	0.98	50.0	1.26	0.3	427	5.07	0.88	63.4	32.3	2212	3.5	1.33	1.67
Team Echo Zulu	S12	BE	22	59.1%	1.17	1781	41	34:09	15.4	13.1	7.2	6.0	45.5	36.4	2.36	45.5	-	0.68	34.1	0.86	-0.3	-473	3.36	0.77	55.3	31.2	2045	2.8	1.01	1.05
Team ESCA Gaming	S12	PL	57	49.1%	0.96	1775	-24	31:25	13.4	13.9	5.6	6.4	47.4	40.4	2.21	47.1	-	0.89	44.7	1.04	-0.2	-459	4.58	0.67	47.0	31.4	1946	2.9	0.93	1.19
Team Flash	S12	VN	35	28.6%	0.74	1740	-229	28:12	13.3	17.9	3.8	7.7	31.4	22.9	1.43	34.5	-	0.69	34.3	0.54	-0.9	-2462	3.66	0.34	27.9	31.3	1986	3.0	1.22	1.32
Team GO	S12	FR	40	42.5%	0.85	1788	-51	33:37	14.3	16.9	6.3	6.6	40.0	47.5	2.28	46.7	-	0.93	47.5	0.85	-0.1	-647	4.78	0.75	47.5	31.4	2120	3.6	1.36	1.43
Team Heretics	S12	ES	63	61.9%	1.20	1832	98	31:26	13.6	11.3	7.0	5.1	52.4	54.0	2.52	58.5	-	1.29	64.3	0.75	0.2	806	5.17	0.81	56.2	31.8	2076	3.0	1.16	1.47
Team Liquid	S12	NA	81	64.2%	1.33	1855	144	32:05	13.4	10.1	7.2	4.7	70.4	66.7	2.40	57.0	-	1.05	52.5	0.81	0.3	1242	4.75	0.77	63.8	33.4	2042	3.2	1.26	1.54
Team Liquid Academy	S12	NA	113	69.9%	1.34	1890	191	32:19	16.0	11.9	7.6	4.5	52.2	69.0	2.72	62.0	-	1.26	65.0	0.91	0.4	1274	5.27	0.96	67.3	32.9	2357	2.9	1.10	1.30
Team MCES	S12	FR	71	54.9%	1.00	1782	-7	33:06	15.3	15.4	6.2	5.7	60.6	47.9	2.51	49.0	-	1.01	52.1	0.80	-0.1	-181	3.69	0.77	47.8	31.0	2222	3.0	1.09	1.26
Team Oplon	S12	FR	48	27.1%	0.70	1685	-188	32:58	10.7	15.3	4.0	8.0	52.1	29.2	1.96	42.4	-	0.73	36.5	0.94	-0.4	-1568	2.81	0.44	31.1	31.5	1875	3.1	1.25	1.40
Team Pending	S12	NA	4	0.0%	0.33	1598	-501	27:15	7.0	20.5	2.0	9.8	25.0	-	1.00	27.1	-	0.50	25.0	0.75	-1.0	-3138	2.50	0.00	0.0	29.4	1898	2.7	0.93	1.05
Team Phantasma	S12	GR	60	53.3%	1.10	1806	21	31:37	16.4	14.8	6.6	5.6	50.0	66.7	2.28	49.7	-	1.20	60.8	0.83	0.6	600	5.70	0.83	53.0	30.4	2221	2.8	1.03	1.26
Team Pinnacle	S12	CN	4	25.0%	0.75	1663	-217	30:54	10.0	13.0	4.0	7.8	50.0	25.0	1.50	32.5	-	-	-	-	-	-	-	0.50	33.3	30.8	1364	-	-	-
Team Refuse	S12	GR	28	21.4%	0.65	1654	-252	30:48	11.6	17.8	3.4	8.1	46.4	42.9	2.00	42.4	-	0.68	35.7	1.14	-0.5	-2021	3.39	0.21	19.2	30.1	1899	2.8	0.96	1.18
Team Secret	S12	VN	84	57.1%	1.07	1884	53	30:27	16.1	14.9	6.3	5.4	42.9	53.6	2.19	52.3	-	0.88	44.0	0.75	0.0	174	5.85	0.73	52.3	32.8	2291	3.1	1.31	1.53
Team Singularity	S12	EUW	36	11.1%	0.47	1612	-396	30:48	9.7	20.5	2.8	9.0	41.7	19.4	1.56	32.3	-	0.53	26.4	0.75	-0.8	-2696	3.11	0.42	19.6	29.2	1914	2.7	0.84	1.09
Team Spirit	S12	CIS	4	100.0%	2.36	1998	452	25:39	13.0	5.5	9.5	1.5	75.0	100.0	2.75	86.7	-	1.75	87.5	1.50	1.8	4081	10.50	0.50	100.0	35.9	1563	3.2	1.38	1.17
Team Vitality	S12	EUW	45	46.7%	0.97	1810	27	33:20	13.0	13.3	6.6	6.3	40.0	51.1	1.96	44.1	-	1.07	53.3	0.78	0.1	544	4.88	0.56	47.3	33.1	2093	3.3	1.18	1.46
Team WE	S12	CN	83	28.9%	0.74	1714	-172	30:40	10.5	14.2	4.4	7.5	48.2	27.7	1.78	40.2	-	-	-	-	-	0	-	0.53	37.2	31.7	1774	-	-	-
Team Whales	S12	VN	37	51.4%	1.05	1854	-3	31:07	14.7	14.1	5.7	5.8	48.6	43.2	1.95	45.0	-	0.92	45.9	0.54	0.0	455	4.43	0.86	56.0	33.1	2252	3.4	1.32	1.50
The Agency	S12	BE	32	53.1%	0.96	1823	40	32:22	13.0	13.5	6.2	6.1	37.5	43.8	1.91	37.5	-	0.84	42.2	0.56	-0.2	-224	4.34	0.72	50.0	33.7	2158	2.7	1.03	1.29
Tony Parker Adequat Academy	S12	FR	53	52.8%	1.11	1841	37	32:13	16.4	14.8	6.5	6.2	43.4	58.5	2.08	44.1	-	1.15	58.5	0.70	0.1	237	5.06	0.70	49.4	31.1	2240	3.3	1.29	1.43
Top Esports	S12	CN	143	65.0%	1.34	1872	133	32:05	15.0	11.2	7.3	4.9	49.0	47.6	2.57	60.3	-	0.03	41.7	0.83	0.7	641	6.50	0.86	62.6	32.9	2101	3.3	1.40	1.86
TSM	S12	NA	50	34.0%	0.74	1742	-125	32:38	10.8	14.5	5.5	7.3	50.0	34.0	1.92	43.2	-	0.90	46.0	0.70	-0.1	-676	4.50	0.62	36.7	32.6	1962	3.4	1.29	1.35
TSM Academy	S12	NA	90	34.4%	0.81	1747	-110	32:33	12.0	14.9	5.2	7.4	47.8	43.3	1.78	38.3	-	1.11	57.8	0.61	-0.1	-316	4.61	0.59	39.7	32.1	1944	3.3	1.35	1.32
TT	S12	CN	85	35.3%	0.90	1747	-93	31:39	11.5	12.8	5.0	7.0	56.5	34.1	2.13	46.3	-	-	-	-	-	0	-	0.62	44.7	32.1	1836	-	-	-
UCAM Tokiers	S12	ES	36	30.6%	0.85	1714	-139	34:17	11.7	13.7	4.5	7.9	41.7	41.7	2.22	42.6	-	0.92	45.8	0.97	-0.1	-673	4.08	0.58	36.3	32.3	1929	3.3	1.38	1.50
Ultra Prime	S12	CN	86	36.0%	0.79	1747	-122	31:39	12.0	15.2	4.7	7.0	58.1	36.0	1.69	37.7	-	-	-	-	-	0	-	0.52	39.3	31.9	2006	-	-	-
Unicorns Of Love	S12	CIS	4	75.0%	2.88	1848	259	31:28	12.3	4.3	7.5	3.8	100.0	50.0	3.75	85.7	-	0.50	25.0	1.75	0.3	610	6.50	0.75	75.0	33.9	1806	3.5	1.17	1.39
Unicorns Of Love Sexy Edition	S12	DE	83	71.1%	1.51	1879	149	31:15	17.0	11.3	7.2	4.7	55.4	56.6	2.75	60.5	-	1.08	54.2	1.07	0.1	497	4.72	0.76	67.3	32.7	2232	3.3	1.31	1.42
V3 Esports	S12	JP	42	7.1%	0.43	1590	-388	31:08	6.9	16.0	2.2	9.0	42.9	26.2	1.62	33.1	-	0.69	35.7	0.93	-0.5	-2474	2.21	0.33	17.9	31.3	1479	3.2	1.59	1.39
Valiance	S12	RS	62	54.8%	1.03	1819	30	31:20	16.0	15.6	6.7	5.4	56.5	58.1	2.10	47.0	-	1.18	58.9	0.60	0.0	203	5.02	0.68	50.8	30.9	2134	2.6	0.99	1.21
Vanir	S12	EUW	39	41.0%	0.82	1733	-86	32:53	12.3	14.9	5.3	7.0	56.4	43.6	2.28	48.3	-	0.97	52.6	1.05	-0.3	-878	4.15	0.59	38.9	31.3	1990	3.1	1.25	1.30
Vega Squadron	S12	CIS	4	0.0%	0.42	1649	-361	28:28	7.5	17.8	3.0	9.3	25.0	25.0	0.50	13.3	-	0.75	37.5	0.50	-1.5	-3729	3.00	0.25	25.0	31.5	1571	2.9	0.93	1.05
Victory Five	S12	CN	103	67.0%	1.28	1877	121	31:41	15.7	12.2	7.3	5.0	43.7	58.3	2.41	55.3	-	-	-	-	-	0	-	0.76	60.1	32.3	2240	-	-	-
Vitality.Bee	S12	FR	95	67.4%	1.55	1884	173	32:06	17.1	11.0	7.6	4.8	62.1	57.9	2.21	54.5	-	0.96	48.4	0.76	0.3	1539	4.77	0.75	59.2	32.6	2273	3.4	1.28	1.33
Wahaha Gaming	S12	CN	4	0.0%	0.67	1685	-314	33:56	12.8	19.0	3.8	10.5	75.0	25.0	1.25	25.0	-	-	-	-	-	-	-	0.50	25.0	30.8	1669	-	-	-
WanZhen Esports Club	S12	CN	4	25.0%	0.55	1439	-257	40:14	8.0	14.5	4.0	8.5	25.0	-	1.50	26.7	-	-	-	-	-	-	-	0.25	25.0	28.5	1236	-	-	-
WAVE Esports	S12	DE	36	19.4%	0.64	1683	-238	30:22	11.1	17.2	3.9	8.3	58.3	33.3	1.47	32.5	-	0.97	48.6	0.47	-0.1	-1028	4.00	0.36	24.3	30.2	1954	2.8	1.00	1.11
Weibo Gaming	S12	CN	97	55.7%	1.03	1833	60	32:09	12.6	12.2	6.4	5.4	41.2	40.2	1.91	42.1	-	-	-	-	-	0	-	0.75	53.9	33.8	2133	-	-	-
Weibo Youth	S12	KR	7	57.1%	1.47	1851	144	28:43	16.1	11.0	6.4	5.4	28.6	42.9	2.57	68.3	-	1.14	57.1	1.29	-0.1	801	3.71	0.71	58.3	31.2	1799	3.0	1.23	1.52
West Point PH	S12	KR	2	0.0%	0.23	1525	-696	24:16	6.5	28.0	0.0	11.0	-	-	0.50	16.7	-	0.50	25.0	0.50	-2.0	-6345	1.50	0.00	0.0	29.4	1832	2.6	0.93	0.86
White Dragons	S12	PT	59	61.0%	1.16	1801	56	32:33	16.3	14.0	7.0	5.6	47.5	61.0	2.93	60.6	-	1.07	55.1	1.15	0.2	393	5.07	0.76	56.1	30.3	2236	2.8	0.97	1.21
Wildcard Aces	S12	NA	2	0.0%	0.47	1705	-470	27:05	12.0	25.5	3.0	9.5	-	50.0	1.00	29.2	-	0.50	25.0	1.00	-0.5	-3196	4.00	0.00	0.0	29.0	2038	2.4	0.82	0.97
Wildcard Gaming	S12	NA	2	0.0%	0.40	1585	-444	27:59	6.0	15.0	2.0	9.0	50.0	-	2.00	46.7	-	1.50	75.0	1.50	-0.5	-4794	2.50	0.00	0.0	32.0	1145	2.8	1.17	0.99
Winthrop University	S12	NA	4	0.0%	0.38	1681	-360	29:44	8.5	22.3	3.8	9.0	25.0	25.0	0.75	16.7	-	1.25	62.5	0.25	-0.5	-2576	4.25	0.25	12.5	30.5	1510	2.9	1.17	1.01
Wizards Club	S12	ES	21	57.1%	1.15	1838	120	32:54	14.2	12.4	7.1	5.6	66.7	52.4	2.76	55.5	-	1.05	52.4	1.10	0.3	1665	5.81	1.10	65.9	31.6	2107	2.6	0.99	1.31
WLGaming Esports	S12	GR	49	67.3%	1.36	1867	155	31:23	16.5	12.1	7.2	4.6	46.9	53.1	2.63	57.6	-	1.18	59.2	1.08	0.1	955	4.94	0.82	68.1	32.0	2038	3.1	1.16	1.28
X7 Esports	S12	EUW	79	67.1%	1.35	1904	195	31:04	16.9	12.5	7.1	4.4	55.7	65.8	2.72	63.0	-	1.24	64.6	0.99	0.5	1386	5.56	0.85	66.5	32.9	2445	3.1	1.17	1.37
XTEN Esports	S12	LAT	33	36.4%	0.75	1734	-134	33:48	12.1	16.1	5.0	7.2	42.4	30.3	1.79	35.4	-	0.73	36.4	0.70	-0.5	-1471	3.33	0.67	41.1	32.4	1963	3.2	1.35	1.56
Zero Tenacity	S12	PL	67	55.2%	1.07	1799	14	32:00	14.7	13.7	6.2	6.2	47.8	53.7	2.39	51.7	-	0.97	48.5	0.93	0.0	-291	5.27	0.79	56.1	30.9	2091	2.9	1.14	1.24
Zerolag Esports	S12	GR	28	25.0%	0.69	1697	-223	31:32	12.2	17.7	4.0	8.0	32.1	17.9	2.14	43.8	-	0.29	14.3	1.00	-0.9	-1787	3.14	0.43	31.4	31.1	1966	2.7	0.93	1.17
ZETA	S12	ES	23	47.8%	1.03	1755	1	32:12	11.9	11.5	5.7	6.3	60.9	52.2	2.52	53.6	-	0.83	43.5	1.00	0.0	444	4.26	0.70	45.2	31.4	1985	3.0	1.16	1.44
