Name	Season	Region	Games	Win rate	K:D	GPM	GDM	Game duration	Kills / game	Deaths / game	Towers killed	Towers lost	FB%	FT%	DRAPG	DRA%	VGPG	HERPG	HER%	DRA@15	TD@15	GD@15	PPG	NASHPG	NASH%	CSM	DPM	WPM	VWPM	WCPM
1907 Fenerbahce	S7	TR	22	63.6%	1.19	1882	121	35:52	13.3	11.1	7.5	5.5	31.8	31.8	1.73	51.5	-	0.23	23.8	0.45	0.1	309	-	1.00	65.2	31.6	2046	3.3	0.87	1.31
Afreeca Freecs	S7	KR	108	52.8%	1.04	1814	37	36:32	11.0	10.5	6.5	6.0	48.1	48.1	2.07	56.2	-	0.30	55.2	0.46	-0.1	-147	-	0.74	49.9	32.9	1885	4.0	1.02	1.55
ahq e-Sports Club	S7	TW	90	64.4%	1.16	1849	148	34:52	12.2	10.4	6.8	4.8	51.1	56.7	2.00	60.0	-	0.39	71.4	0.47	0.1	527	-	0.84	65.9	32.9	1865	3.5	0.90	1.54
Ascension Gaming	S7	SEA	4	0.0%	0.55	1656	-404	39:25	11.0	20.0	2.5	10.8	-	-	1.75	31.3	-	0.25	33.3	0.67	-1.3	-1599	-	0.75	25.0	30.4	1561	3.6	0.88	1.19
bbq Olivers	S7	KR	99	35.4%	0.90	1727	-114	36:11	9.1	10.0	5.0	7.3	40.4	41.4	1.71	46.2	-	0.21	37.5	0.40	-0.4	-404	-	0.57	33.4	32.5	1741	3.8	1.03	1.31
Big Gods Jackals	S7	NA	37	37.8%	0.80	1703	-122	34:56	11.4	14.2	5.2	7.1	43.2	59.5	1.73	47.7	-	0.30	44.0	0.54	0.3	-161	-	0.49	35.8	30.0	2026	3.4	0.86	1.08
CJ Entus	S7	KR	9	33.3%	0.80	1667	-270	37:53	8.1	10.1	3.9	8.1	44.4	44.4	0.89	28.7	-	0.11	14.3	0.11	0.2	-828	-	0.67	37.5	31.3	1632	3.6	1.05	1.75
CLG	S7	NA	114	53.5%	1.04	1785	-4	36:14	14.6	14.1	6.6	6.0	57.9	44.7	1.93	53.2	-	0.18	38.9	0.44	-0.1	-403	-	0.81	54.2	29.8	1999	3.5	1.15	1.25
CLG Academy	S7	NA	22	27.3%	0.74	1648	-255	30:12	10.6	14.3	3.9	7.7	40.9	22.7	1.41	42.8	-	0.41	42.9	0.55	-0.5	-1165	-	0.27	32.4	28.9	1813	3.4	1.02	1.09
Cloud 9	S7	NA	129	64.3%	1.29	1851	126	35:44	13.9	10.7	7.5	5.4	47.3	45.0	1.95	54.8	-	0.30	54.2	0.60	0.3	418	-	0.91	59.4	31.5	2039	3.5	1.02	1.27
CNB e-Sports Club	S7	BR	28	32.1%	1.04	1698	-92	40:57	10.6	10.2	5.2	8.2	42.9	39.3	1.64	36.0	-	0.25	41.2	0.36	-0.1	-522	-	0.79	41.0	31.3	1817	3.5	1.00	1.45
Crew e-Sports Club	S7	TR	4	75.0%	1.24	1905	98	38:31	21.0	17.0	8.0	5.8	75.0	50.0	1.75	38.3	-	0.25	25.0	0.25	0.0	-386	-	1.50	66.7	31.1	2312	3.3	0.90	1.20
DAN Gaming	S7	CN	38	36.8%	0.70	1728	-131	35:37	10.0	14.2	5.2	7.4	-	-	1.63	42.8	-	-	-	-	-	-	-	-	-	30.8	-	-	-	-
Dark Passage	S7	WC	3	0.0%	0.20	1453	-740	23:27	5.3	27.0	0.3	8.7	66.7	-	0.00	0.0	-	0.00	-	0.00	-1.7	-5007	-	0.00	-	26.1	1613	2.6	0.56	0.55
Delta Fox	S7	NA	33	18.2%	0.62	1664	-280	34:13	11.1	18.0	3.7	8.7	27.3	30.3	1.00	24.9	-	0.21	28.0	0.24	-1.5	-3062	-	0.39	19.1	29.3	1784	2.9	0.63	0.94
Detonation FocusMe	S7	JP	3	100.0%	2.54	2041	435	37:02	20.3	8.0	10.7	1.3	66.7	33.3	3.33	91.7	-	0.33	50.0	0.00	1.5	2360	-	1.00	100.0	32.8	1936	3.7	1.16	1.55
Dignitas	S7	NA	112	49.1%	0.95	1764	-14	36:13	11.7	12.2	6.1	6.6	39.3	46.4	1.92	50.9	-	0.28	46.3	0.51	-0.3	-420	-	0.80	48.9	30.6	1832	3.5	0.96	1.27
Dire Wolves	S7	OCE	14	28.6%	0.82	1754	-120	32:00	11.1	13.6	4.4	7.9	50.0	42.9	1.21	39.9	-	0.36	62.5	0.21	-0.5	-131	-	0.50	34.5	31.6	1854	3.2	0.87	1.11
Echo Fox	S7	NA	86	36.0%	0.81	1732	-108	36:20	11.7	14.4	5.8	7.3	57.0	39.5	1.67	44.4	-	0.23	51.3	0.48	-0.1	141	-	0.65	37.1	30.6	1922	3.5	1.04	1.17
Edward Gaming	S7	CN	107	61.7%	1.29	1845	113	35:35	14.1	10.9	7.5	5.1	5.6	5.6	2.13	60.6	-	0.05	62.5	0.50	0.9	559	-	0.08	47.7	30.8	2031	3.7	1.31	1.35
eUnited	S7	NA	65	60.0%	1.14	1834	88	34:37	14.0	12.2	6.9	5.2	56.9	44.6	1.60	53.3	-	0.28	50.0	0.42	0.1	206	-	0.78	57.4	31.4	2114	3.3	0.91	1.20
Ever8 Winners	S7	KR	47	27.7%	0.74	1698	-176	35:32	8.5	11.5	4.5	7.9	44.7	36.2	1.11	33.0	-	0.49	56.1	0.17	-0.9	-1279	-	0.64	35.9	32.5	1593	3.8	1.21	1.36
eXtreme Gamers	S7	TW	31	19.4%	0.61	1585	-300	36:31	7.7	12.7	3.5	8.4	25.8	25.8	1.19	28.7	-	0.00	0.0	0.17	-0.4	-1534	-	0.35	18.8	29.7	1479	3.7	1.01	1.12
FC Schalke 04	S7	EUW	41	73.2%	1.37	1892	200	32:58	12.9	9.4	7.4	4.6	41.5	65.9	1.63	58.2	-	0.27	37.9	0.34	0.4	753	-	1.05	72.1	33.0	1977	3.6	0.91	1.24
Fire Ball	S7	TW	63	22.2%	0.71	1640	-216	34:51	9.1	12.9	4.0	8.0	39.7	31.7	1.27	37.1	-	0.27	51.5	0.31	-0.6	-1326	-	0.48	30.2	30.4	1620	3.6	1.01	1.24
Flash Wolves	S7	TW	105	71.4%	1.68	1868	201	35:39	13.3	7.9	8.1	4.1	55.2	69.5	2.11	64.7	-	0.33	61.4	0.48	0.6	1052	-	0.85	66.9	32.0	1947	3.9	1.12	1.39
FlyQuest	S7	NA	107	44.9%	0.83	1757	-70	35:27	12.3	14.9	5.9	6.8	45.8	59.8	1.64	45.8	-	0.21	45.8	0.56	0.1	-96	-	0.71	48.8	30.4	1955	3.3	0.76	1.20
Fnatic	S7	EUW	112	59.8%	1.33	1847	108	36:23	12.7	9.6	7.3	5.9	62.5	49.1	1.83	54.2	-	0.36	50.0	0.40	0.3	464	-	0.87	56.7	32.1	1907	3.6	0.95	1.20
Fnatic Academy	S7	EUW	27	59.3%	1.03	1780	44	37:23	12.3	11.9	7.3	6.0	70.4	44.4	2.19	55.6	-	0.30	66.7	0.48	-0.4	-292	-	1.00	62.2	30.6	1652	3.5	0.90	1.28
Furious Gaming	S7	LAS	6	50.0%	0.98	1737	-48	39:58	10.3	10.5	6.7	7.3	50.0	33.3	3.00	64.2	-	0.33	50.0	0.83	-0.2	-903	-	1.00	62.5	31.5	1768	4.4	1.49	1.51
G2 Esports	S7	EUW	126	61.9%	1.15	1834	83	37:04	12.5	10.9	7.2	5.6	50.8	55.6	2.09	57.9	-	0.37	68.7	0.56	0.2	609	-	0.94	57.3	32.7	2036	3.6	0.97	1.38
Gambit Esports	S7	CIS	40	62.5%	1.10	1806	43	36:11	14.8	13.4	6.9	5.6	47.5	42.5	1.85	50.1	-	0.28	40.7	0.60	0.0	83	-	0.98	64.7	30.1	2103	3.7	1.01	1.21
Game Talents	S7	CN	38	28.9%	0.66	1686	-215	37:36	11.6	17.5	4.8	8.1	-	-	1.42	35.3	-	-	-	-	-	-	-	-	-	30.4	-	-	-	-
Giants	S7	EUW	69	43.5%	0.83	1743	-73	34:36	10.4	12.6	5.7	6.7	52.2	37.7	1.43	44.0	-	0.20	45.2	0.49	0.0	-433	-	0.62	46.5	31.3	1797	3.6	1.08	1.32
GIGABYTE Marines	S7	SEA	39	51.3%	0.99	1833	26	33:21	14.7	14.7	6.4	5.8	53.8	43.6	1.74	53.3	-	0.21	47.1	0.51	0.2	-18	-	0.54	51.5	31.0	1967	3.5	1.05	1.38
Gold Coin United	S7	NA	74	62.2%	1.31	1820	105	37:36	12.6	9.6	7.4	5.4	52.7	64.9	2.12	57.2	-	0.34	61.0	0.45	0.3	720	-	0.97	66.1	31.5	1993	3.3	0.88	1.33
H2K Gaming	S7	EUW	91	61.5%	1.25	1832	99	35:03	14.1	11.2	7.2	5.1	61.5	57.1	1.92	62.9	-	0.22	44.4	0.51	0.4	577	-	0.85	61.3	31.1	2031	3.5	1.07	1.36
Hong Kong Attitude	S7	TW	87	48.3%	0.93	1758	-23	36:26	10.7	11.5	5.9	6.5	52.9	49.4	1.85	51.0	-	0.29	47.2	0.51	-0.1	-184	-	0.71	45.3	31.6	1863	3.8	1.09	1.44
I May	S7	CN	86	41.9%	0.85	1765	-45	36:59	11.7	13.7	5.5	6.9	-	-	1.67	46.9	-	-	-	-	-	-	-	-	-	31.6	-	-	-	-
Immortals	S7	NA	112	54.5%	1.04	1838	68	36:13	13.6	13.1	6.7	6.0	56.3	52.7	1.97	55.6	-	0.32	63.2	0.45	0.2	669	-	0.86	54.2	31.5	2037	3.7	1.04	1.32
INTZ eSports	S7	BR	36	66.7%	1.14	1832	129	36:07	13.4	11.7	7.8	5.2	44.4	63.9	2.28	63.2	-	0.53	70.4	0.67	0.4	445	-	1.00	60.6	30.4	1809	3.7	1.06	1.14
Invictus Gaming	S7	CN	105	55.2%	1.15	1829	67	35:25	14.4	12.4	6.6	5.6	-	-	1.84	54.2	-	-	-	-	-	-	-	-	-	31.7	-	-	-	-
Isurus Gaming	S7	LAS	13	38.5%	0.75	1717	-186	36:10	12.5	16.7	6.2	8.2	23.1	30.8	1.46	35.6	-	0.46	66.7	0.31	-0.8	-2053	-	0.69	29.5	29.8	1939	4.0	1.05	1.20
J Team	S7	TW	88	56.8%	1.15	1798	69	37:07	12.7	11.0	6.8	5.5	43.2	43.2	1.67	52.3	-	0.22	50.0	0.42	0.2	458	-	0.84	57.5	31.4	1976	3.9	1.06	1.30
JD Gaming	S7	CN	38	42.1%	0.82	1754	-85	33:32	11.2	13.7	5.3	6.6	-	-	1.63	47.8	-	-	-	-	-	-	-	-	-	31.3	-	-	-	-
Jin Air Green Wings	S7	KR	86	40.7%	0.87	1757	-53	39:25	10.5	12.1	5.8	7.0	55.8	48.8	1.66	40.8	-	0.35	65.2	0.37	0.2	161	-	0.85	47.0	32.4	1868	3.9	1.09	1.44
Just Toys Havok	S7	LAN	6	0.0%	0.62	1610	-339	35:17	9.5	15.3	3.5	10.5	33.3	33.3	0.67	16.7	-	0.17	20.0	0.17	-0.7	-1909	-	0.33	16.7	29.6	1635	3.8	1.19	1.13
KaBuM! e-Sports	S7	BR	14	21.4%	0.61	1667	-199	38:46	10.4	16.8	4.5	8.6	50.0	28.6	1.29	31.5	-	0.07	25.0	0.50	-0.6	-922	-	0.36	20.2	29.9	1804	3.1	0.78	1.24
Kaos Latin Gamers	S7	LAS	4	25.0%	0.50	1603	-386	30:08	5.5	11.0	3.8	8.5	25.0	50.0	0.50	20.8	-	0.50	50.0	0.25	-1.3	-2535	-	0.50	25.0	29.9	1555	3.4	0.92	0.94
Keyd Stars	S7	BR	44	54.5%	1.11	1785	57	39:39	12.2	11.0	6.9	5.9	50.0	68.2	2.18	57.1	-	0.27	52.2	0.50	0.1	544	-	0.91	57.7	31.8	1728	4.1	1.29	1.53
Kongdoo Monster	S7	KR	66	36.4%	0.77	1730	-117	36:57	9.1	11.8	4.8	7.1	34.8	40.9	1.33	37.5	-	0.03	12.5	0.29	-0.3	-798	-	0.76	47.2	32.2	1789	3.8	0.95	1.48
KT Rolster	S7	KR	111	63.1%	1.30	1857	126	36:33	13.3	10.2	7.8	4.8	58.6	73.0	1.99	56.8	-	0.37	70.7	0.52	0.7	1337	-	0.86	60.0	32.4	2053	4.0	1.11	1.50
Legacy eSports	S7	OCE	3	33.3%	0.91	1831	-11	30:58	13.3	14.7	5.7	6.7	66.7	66.7	2.00	58.3	-	1.00	100.0	1.00	-0.3	-711	-	0.33	33.3	31.0	2102	3.3	1.01	1.17
LGD Gaming	S7	CN	77	39.0%	0.80	1755	-82	35:13	12.3	15.2	5.5	6.8	-	-	1.64	44.1	-	-	-	-	-	-	-	-	-	30.8	-	-	-	-
Longzhu Gaming	S7	KR	102	58.8%	1.15	1838	99	36:15	12.4	10.8	6.9	5.2	55.9	56.9	1.96	57.0	-	0.29	55.6	0.54	0.3	504	-	0.85	57.9	32.6	1996	3.8	0.88	1.34
Lyon Gaming	S7	LAN	20	50.0%	1.11	1743	-36	38:03	11.3	10.1	6.6	6.3	70.0	45.0	1.75	44.4	-	0.20	28.6	0.45	0.2	277	-	0.65	50.4	31.2	1759	3.7	1.01	1.37
M19 Team	S7	CIS	49	46.9%	0.96	1781	-5	37:27	14.2	14.8	6.2	6.5	55.1	42.9	2.22	56.0	-	0.31	44.1	0.55	-0.2	-236	-	0.76	47.9	29.8	2156	3.4	0.82	1.18
Machi E-Sports	S7	TW	79	48.1%	0.86	1757	-28	36:32	11.2	12.9	6.1	6.5	48.1	35.4	1.57	47.1	-	0.23	41.9	0.40	-0.2	-20	-	0.70	50.1	31.4	1836	3.6	1.01	1.44
Millenium	S7	EUW	10	30.0%	0.72	1688	-94	36:34	9.9	13.7	5.3	6.8	60.0	80.0	1.60	48.5	-	0.00	-	0.70	0.5	303	-	0.50	35.0	30.1	1753	3.3	0.97	1.47
Mineski	S7	SEA	4	0.0%	0.57	1616	-360	30:01	11.3	19.8	2.0	8.8	-	25.0	1.00	38.9	-	0.00	0.0	0.00	-2.5	-3526	-	0.00	0.0	28.7	1360	3.0	0.72	0.97
Misfits	S7	EUW	97	50.5%	1.19	1790	19	36:15	12.5	10.5	6.3	6.4	53.6	50.5	1.89	54.9	-	0.49	68.6	0.52	-0.1	375	-	0.73	52.0	31.6	1826	3.7	1.12	1.44
Misfits Academy	S7	EUW	22	59.1%	1.10	1769	-5	37:20	13.6	12.3	6.0	6.3	59.1	36.4	1.73	43.7	-	0.23	62.5	0.41	-0.3	-239	-	0.95	56.8	31.4	1945	3.7	0.97	1.35
MVP	S7	KR	100	41.0%	0.82	1744	-103	37:02	10.6	12.9	5.2	7.4	46.0	46.0	2.09	51.1	-	0.26	43.3	0.61	-0.2	-483	-	0.95	47.3	31.7	1866	3.5	0.86	1.44
Mysterious Monkeys	S7	EUW	36	19.4%	0.59	1661	-223	34:13	9.0	15.3	4.1	7.9	58.3	47.2	1.19	35.4	-	0.44	47.1	0.33	-0.4	-893	-	0.47	24.3	30.6	1665	3.6	1.01	1.23
Natus Vincere	S7	CIS	29	27.6%	0.71	1664	-200	37:05	10.9	15.2	4.3	8.1	51.7	34.5	1.48	37.0	-	0.07	14.3	0.41	-0.6	-688	-	0.62	30.1	30.2	1879	3.2	0.68	1.19
Newbee	S7	CN	93	47.3%	0.92	1764	-67	36:22	12.7	13.8	5.7	6.8	-	-	1.55	42.4	-	-	-	-	-	-	-	-	-	31.1	-	-	-	-
Ninjas In Pyjamas	S7	EUW	39	28.2%	0.71	1691	-189	34:51	9.2	12.9	4.8	8.2	59.0	48.7	1.18	34.8	-	0.62	64.9	0.21	-0.1	-245	-	0.54	28.9	31.0	1675	3.6	1.10	1.08
OMG	S7	CN	101	50.5%	0.96	1792	-17	36:36	13.2	13.7	6.2	6.3	2.0	1.0	2.08	54.2	-	0.03	75.0	0.75	-0.3	-906	-	0.04	33.3	31.0	1701	3.8	0.98	1.37
Operation Kino	S7	BR	14	28.6%	0.87	1685	-139	39:32	12.4	14.4	5.3	7.8	50.0	35.7	1.93	41.3	-	0.07	16.7	0.64	-0.6	-867	-	1.00	51.3	29.5	1866	3.5	0.81	1.22
Origen	S7	EUW	44	9.1%	0.45	1609	-337	36:17	7.4	16.3	3.0	9.4	20.5	25.0	1.36	35.4	-	0.11	26.3	0.32	-0.9	-1677	-	0.50	23.0	30.5	1666	3.6	1.04	1.27
Pain Gaming	S7	BR	40	57.5%	1.27	1770	45	38:45	11.9	9.4	6.9	6.2	57.5	55.0	2.40	57.2	-	0.28	50.0	0.50	-0.1	207	-	0.75	51.3	30.9	1851	3.6	1.06	1.36
Paris Saint-Germain	S7	EUW	25	36.0%	0.97	1737	-53	37:07	10.9	11.2	5.8	7.0	56.0	56.0	1.44	41.3	-	0.16	50.0	0.32	0.6	771	-	0.68	41.0	31.6	1861	3.7	1.10	1.36
Phoenix1	S7	NA	117	50.4%	1.03	1762	-11	36:06	12.5	12.1	6.2	6.2	48.7	54.7	1.89	52.1	-	0.28	60.0	0.54	-0.1	-99	-	0.79	51.8	30.4	1934	3.6	1.02	1.29
ProGaming eSports	S7	BR	14	57.1%	1.04	1776	39	35:23	12.6	12.1	7.0	5.4	50.0	57.1	1.43	46.9	-	0.50	63.6	0.29	0.1	77	-	0.71	51.2	30.7	1896	3.8	1.16	1.16
QG Reapers	S7	CN	42	54.8%	1.08	1765	8	35:37	12.6	11.7	6.2	6.0	-	-	1.69	45.4	-	-	-	-	-	-	-	-	-	30.7	-	-	-	-
Raise Gaming	S7	TW	48	54.2%	1.05	1747	-57	35:55	11.6	11.0	5.7	6.0	52.1	47.9	1.56	45.2	-	0.31	36.6	0.46	-0.4	-948	-	0.79	51.6	31.1	1820	4.0	1.17	1.25
Rampage	S7	JP	14	21.4%	0.83	1673	-199	33:17	10.1	12.2	3.4	8.0	42.9	28.6	1.21	36.1	-	0.07	16.7	0.50	-0.9	-1097	-	0.29	22.2	30.8	1611	3.2	0.83	1.22
Red Bulls	S7	EUW	14	50.0%	1.50	1831	123	36:12	12.1	8.1	6.9	5.2	78.6	78.6	2.43	65.5	-	0.64	69.2	0.50	0.6	1281	-	0.79	47.0	31.3	1932	3.9	1.17	1.51
Red Canids	S7	BR	55	69.1%	1.20	1829	123	38:06	13.1	10.9	8.4	5.6	65.5	63.6	1.80	52.8	-	0.33	56.3	0.35	0.5	1103	-	1.15	64.0	30.9	1908	3.7	1.06	1.30
Remo Brave e-Sports	S7	BR	14	21.4%	0.80	1657	-174	39:13	10.7	13.4	4.7	8.5	35.7	28.6	1.50	35.1	-	0.07	25.0	0.43	-0.5	-792	-	0.50	31.4	29.9	1649	3.3	0.71	1.18
RoX	S7	CIS	29	27.6%	0.78	1696	-151	36:17	11.8	15.1	4.8	8.0	31.0	34.5	1.62	47.4	-	0.48	70.0	0.45	-0.2	-1452	-	0.52	32.4	29.3	1915	3.4	0.95	1.08
ROX Tigers	S7	KR	98	42.9%	0.86	1771	-78	36:17	11.2	12.9	5.8	7.2	42.9	42.9	1.48	40.6	-	0.20	36.4	0.41	-0.1	-619	-	0.76	41.5	31.9	1865	3.9	1.04	1.44
Royal Never Give Up	S7	CN	113	64.6%	1.39	1842	121	36:10	13.2	9.5	7.4	5.1	6.2	7.1	2.10	57.6	-	0.08	47.4	0.32	-0.3	-208	-	0.16	56.1	31.8	1898	3.5	1.05	1.39
Samsung Galaxy	S7	KR	128	68.8%	1.19	1867	128	36:05	11.0	9.3	7.7	4.8	53.1	57.0	2.02	57.7	-	0.20	40.0	0.46	0.2	483	-	0.88	60.0	33.7	1972	3.7	1.07	1.51
Sin Gaming	S7	OCE	5	60.0%	0.93	1871	34	37:07	17.0	18.2	7.4	6.2	40.0	60.0	0.20	8.3	-	0.40	50.0	0.00	2.0	2266	-	0.60	58.3	31.2	1964	3.7	1.20	1.28
SK Telecom T1	S7	KR	139	69.8%	1.34	1888	176	35:02	12.6	9.4	7.4	4.8	49.6	49.6	2.19	64.6	-	0.37	57.1	0.55	0.1	438	-	0.90	63.6	33.4	1987	3.4	0.79	1.43
Snake Esports	S7	CN	81	39.5%	0.86	1779	-46	36:46	11.3	13.1	5.8	7.4	-	-	1.63	45.1	-	-	-	-	-	-	-	-	-	32.0	-	-	-	-
Splyce	S7	EUW	72	51.4%	1.05	1810	19	35:13	13.9	13.2	6.0	6.1	36.1	61.1	1.13	39.0	-	0.24	45.9	0.21	0.0	227	-	0.56	44.6	31.8	2050	3.6	0.93	1.32
Suning Gaming	S7	CN	43	41.9%	0.99	1776	-37	37:07	11.0	11.0	5.9	6.7	-	-	1.72	43.4	-	-	-	-	-	-	-	-	-	32.4	-	-	-	-
SuperMassive	S7	TR	17	52.9%	0.86	1753	-41	33:35	13.2	15.4	6.3	5.6	29.4	64.7	1.94	60.8	-	0.06	20.0	0.41	0.4	-381	-	0.59	51.4	29.3	2072	3.4	0.97	1.25
T Show	S7	BR	14	0.0%	0.36	1555	-409	36:22	5.9	16.4	2.1	9.7	14.3	7.1	0.86	22.7	-	0.07	9.1	0.21	-1.1	-2452	-	0.14	9.5	30.8	1688	3.5	1.29	1.25
Team Aurora	S7	TR	4	75.0%	1.68	1960	286	29:15	17.3	10.3	7.8	3.8	75.0	25.0	1.50	60.4	-	0.50	66.7	0.75	2.0	3788	-	0.50	66.7	29.8	2285	3.0	0.74	1.04
Team EnVyUs	S7	NA	110	40.0%	0.98	1802	12	37:53	12.0	12.2	5.8	6.7	53.6	60.9	1.80	47.5	-	0.23	53.2	0.38	0.1	714	-	0.69	42.4	32.8	1901	3.6	1.03	1.53
Team Gates	S7	NA	10	0.0%	0.46	1547	-466	35:27	7.2	15.6	1.3	10.0	50.0	10.0	0.90	19.7	-	0.00	0.0	0.30	-1.2	-3467	-	0.30	9.2	29.8	1393	3.1	0.77	1.05
Team Just Alpha	S7	CIS	33	45.5%	1.04	1741	-49	35:18	13.5	12.9	5.6	6.5	51.5	45.5	1.18	32.7	-	0.39	59.1	0.24	-0.4	-415	-	0.64	43.8	30.0	1872	3.4	0.88	1.17
Team Kinguin	S7	EUW	10	30.0%	0.64	1634	-198	35:17	9.1	14.3	5.2	7.1	30.0	30.0	1.50	45.8	-	0.00	0.0	0.30	-0.2	-1291	-	0.40	30.0	29.2	1827	3.8	1.09	1.26
Team Liquid	S7	NA	115	40.0%	0.95	1751	-65	35:10	12.5	13.1	5.5	7.0	53.0	50.4	1.36	39.8	-	0.21	43.6	0.38	0.0	-313	-	0.57	41.4	30.9	1919	3.6	1.03	1.18
Team oNe eSports	S7	BR	32	56.3%	0.87	1776	-20	34:20	10.6	12.1	6.8	6.1	59.4	43.8	2.00	57.6	-	0.44	53.8	0.72	-0.4	-505	-	0.84	49.5	30.7	1792	3.4	1.04	1.03
Team Roccat	S7	EUW	64	43.8%	0.80	1763	-77	36:50	11.2	14.0	6.4	7.0	42.2	39.1	1.50	44.1	-	0.16	29.4	0.41	-0.2	-644	-	0.73	42.6	31.4	1869	3.6	0.98	1.20
Team SoloMid	S7	NA	136	66.9%	1.21	1848	108	35:52	14.2	11.7	7.7	5.4	41.2	49.3	2.36	62.8	-	0.26	50.7	0.63	0.0	219	-	0.88	60.0	31.4	2027	3.7	0.87	1.26
Team Vitality	S7	EUW	59	35.6%	0.81	1707	-136	34:34	10.7	13.2	5.2	7.2	59.3	47.5	0.93	30.6	-	0.20	41.4	0.27	-0.2	-266	-	0.51	37.4	30.7	1788	3.6	1.20	1.16
Team WE	S7	CN	143	65.0%	1.29	1833	109	34:36	13.5	10.4	7.2	5.1	11.9	17.5	1.73	54.1	-	0.11	53.3	0.34	0.1	367	-	0.31	66.3	30.8	2048	3.5	0.88	1.28
Tempo Storm	S7	NA	44	59.1%	1.01	1806	75	35:24	11.2	11.1	6.9	5.9	56.8	52.3	1.93	56.6	-	0.43	61.3	0.66	0.4	473	-	0.77	57.9	31.4	1917	3.4	0.96	1.09
Unicorns Of Love	S7	EUW	96	56.3%	0.97	1809	41	34:47	13.7	14.0	6.7	5.6	35.4	49.0	1.34	51.7	-	0.21	40.0	0.31	0.0	-424	-	0.86	58.2	30.7	2012	3.1	0.81	1.12
Unsold Stuff Gaming	S7	JP	3	100.0%	2.12	1938	331	35:08	17.7	8.3	9.0	3.7	66.7	-	2.67	83.3	-	0.33	50.0	1.00	-0.5	-570	-	0.67	75.0	32.4	1824	3.7	0.87	1.13
Vaevictis eSports	S7	CIS	42	47.6%	0.79	1759	-63	34:21	12.7	16.0	6.0	6.7	42.9	61.9	1.76	47.6	-	0.43	62.1	0.67	0.0	-251	-	0.64	42.1	29.5	1977	3.4	0.81	1.20
Vega Squadron	S7	CIS	44	45.5%	0.90	1751	-61	34:40	12.2	13.6	6.0	6.8	50.0	45.5	1.36	43.6	-	0.32	50.0	0.41	-0.2	-435	-	0.61	46.7	30.4	1975	3.6	0.94	1.16
Vici Gaming	S7	CN	37	35.1%	0.78	1717	-84	36:05	10.4	13.3	5.0	6.9	-	-	1.46	41.8	-	-	-	-	-	-	-	-	-	31.9	-	-	-	-
Virtus.pro	S7	CIS	51	52.9%	1.13	1820	113	38:12	14.1	12.4	7.4	5.7	64.7	70.6	2.33	60.8	-	0.33	60.7	0.75	0.5	1209	-	0.92	56.4	30.9	2080	3.5	1.13	1.41
Wayi Spider	S7	TW	63	25.4%	0.74	1672	-187	37:38	9.3	12.5	4.7	8.3	41.3	34.9	1.06	34.4	-	0.14	27.3	0.19	0.0	-369	-	0.46	26.8	30.9	1736	4.2	1.25	1.34
Wind And Rain	S7	EUW	13	30.8%	0.59	1634	-274	36:37	7.5	12.7	4.6	8.5	38.5	23.1	1.92	46.4	-	0.38	41.7	0.77	-1.6	-2585	-	0.62	25.0	30.5	1863	3.9	1.30	1.17
Young Generation	S7	SEA	7	28.6%	0.88	1789	-71	33:54	8.1	9.3	6.7	7.3	71.4	57.1	1.57	59.4	-	0.43	42.9	0.43	0.6	856	-	0.43	25.0	32.8	1642	3.8	1.17	1.38
